
TIME STEP:
125 = 1ms

VOLTAGE STEP:
CH1:  32 = 0.15V~
CH2:  32 = 0.15V~

N	CH1	CH2

0	229	231
1	229	231
2	228	231
3	228	231
4	228	230
5	228	231
6	228	231
7	229	231
8	229	231
9	228	230
10	229	231
11	229	231
12	228	231
13	228	231
14	228	230
15	229	230
16	229	231
17	229	231
18	229	230
19	228	231
20	228	231
21	228	231
22	228	231
23	229	231
24	229	230
25	228	231
26	228	231
27	228	230
28	228	230
29	228	230
30	228	230
31	228	230
32	228	230
33	228	230
34	228	230
35	228	230
36	228	230
37	228	230
38	228	230
39	228	230
40	228	230
41	228	230
42	228	230
43	228	230
44	228	230
45	228	230
46	228	230
47	228	230
48	228	230
49	228	230
50	228	230
51	228	230
52	228	230
53	228	230
54	228	230
55	228	230
56	227	230
57	228	230
58	228	230
59	228	229
60	228	229
61	228	229
62	227	230
63	228	230
64	228	229
65	227	229
66	228	230
67	228	230
68	228	229
69	228	229
70	228	230
71	228	230
72	228	230
73	228	229
74	228	229
75	228	230
76	227	230
77	228	229
78	228	229
79	228	229
80	227	229
81	227	229
82	227	229
83	227	229
84	227	229
85	227	229
86	228	229
87	228	229
88	227	229
89	226	228
90	227	229
91	227	229
92	227	230
93	227	229
94	227	229
95	227	229
96	227	230
97	227	229
98	227	229
99	227	229
100	227	229
101	227	229
102	227	229
103	227	229
104	227	229
105	227	229
106	227	229
107	227	229
108	227	229
109	227	228
110	227	228
111	226	229
112	227	229
113	227	228
114	227	229
115	227	229
116	227	229
117	227	228
118	227	228
119	227	228
120	227	229
121	227	229
122	227	228
123	227	228
124	227	228
125	226	228
126	226	228
127	226	228
128	226	228
129	226	228
130	226	228
131	227	228
132	227	228
133	226	228
134	226	228
135	227	228
136	227	228
137	227	228
138	226	228
139	226	228
140	226	228
141	226	228
142	226	228
143	226	228
144	226	228
145	226	228
146	226	228
147	225	228
148	226	228
149	226	228
150	226	228
151	226	228
152	226	228
153	226	228
154	226	228
155	226	228
156	226	228
157	226	228
158	226	228
159	225	228
160	226	228
161	226	228
162	226	228
163	226	228
164	226	227
165	226	228
166	226	228
167	225	227
168	226	227
169	226	228
170	225	228
171	226	227
172	226	228
173	225	228
174	226	227
175	226	228
176	226	228
177	226	227
178	226	227
179	226	227
180	226	227
181	226	227
182	225	227
183	225	227
184	225	227
185	226	227
186	226	227
187	226	227
188	226	227
189	226	227
190	226	227
191	225	227
192	225	227
193	225	227
194	225	227
195	225	227
196	225	227
197	225	226
198	225	227
199	225	227
200	225	227
201	225	227
202	225	227
203	225	227
204	225	227
205	225	227
206	225	227
207	225	227
208	225	227
209	225	227
210	224	228
211	226	228
212	225	227
213	224	226
214	225	227
215	225	227
216	225	226
217	225	227
218	225	227
219	225	227
220	225	227
221	224	227
222	224	227
223	224	226
224	225	226
225	225	227
226	225	227
227	225	226
228	225	226
229	225	226
230	225	226
231	225	226
232	225	226
233	225	226
234	225	226
235	224	226
236	224	226
237	225	226
238	225	226
239	225	226
240	225	226
241	224	226
242	225	226
243	225	226
244	225	226
245	225	226
246	224	226
247	224	226
248	224	226
249	224	226
250	224	226
251	224	226
252	224	226
253	224	226
254	224	226
255	224	226
256	224	226
257	224	226
258	224	226
259	224	226
260	224	226
261	224	226
262	224	226
263	224	226
264	224	226
265	224	226
266	224	226
267	224	226
268	224	226
269	223	225
270	224	225
271	224	226
272	224	226
273	224	226
274	224	225
275	224	226
276	224	226
277	224	226
278	224	226
279	224	225
280	224	226
281	224	226
282	224	226
283	224	226
284	224	225
285	224	225
286	223	226
287	224	226
288	224	226
289	224	225
290	223	225
291	224	225
292	224	225
293	224	225
294	224	225
295	224	225
296	224	225
297	224	225
298	224	225
299	224	225
300	223	224
301	223	225
302	223	225
303	223	225
304	223	225
305	223	225
306	223	225
307	223	225
308	223	225
309	223	225
310	224	225
311	224	225
312	223	225
313	223	225
314	223	225
315	222	224
316	223	225
317	223	225
318	223	225
319	223	225
320	223	225
321	223	225
322	223	224
323	223	225
324	223	225
325	223	225
326	223	224
327	223	224
328	223	224
329	223	224
330	223	224
331	223	224
332	223	224
333	223	224
334	223	224
335	223	225
336	223	225
337	223	224
338	223	224
339	223	224
340	223	224
341	223	224
342	223	224
343	223	224
344	223	224
345	223	224
346	223	223
347	223	224
348	223	224
349	223	224
350	222	224
351	223	224
352	223	224
353	222	224
354	222	224
355	222	224
356	223	224
357	223	224
358	223	224
359	223	225
360	223	224
361	223	223
362	222	224
363	222	224
364	222	224
365	222	224
366	222	224
367	222	224
368	222	224
369	222	224
370	222	224
371	221	223
372	222	223
373	223	224
374	223	224
375	222	224
376	222	224
377	221	223
378	222	224
379	222	224
380	222	224
381	223	224
382	223	224
383	222	223
384	222	223
385	222	224
386	222	224
387	222	223
388	222	223
389	222	223
390	222	224
391	222	224
392	222	224
393	222	224
394	214	25
395	185	25
396	162	24
397	141	24
398	125	24
399	110	23
400	97	23
401	87	23
402	78	23
403	70	22
404	64	22
405	58	22
406	53	22
407	49	22
408	46	22
409	43	22
410	40	22
411	38	22
412	36	22
413	34	22
414	32	21
415	32	21
416	30	21
417	30	21
418	29	21
419	28	21
420	28	21
421	27	21
422	27	21
423	26	21
424	26	21
425	26	21
426	26	21
427	25	21
428	25	21
429	24	21
430	25	21
431	24	21
432	24	21
433	25	21
434	24	21
435	24	22
436	24	22
437	24	21
438	24	21
439	24	21
440	24	21
441	24	21
442	24	21
443	24	22
444	24	22
445	24	22
446	24	22
447	23	21
448	24	21
449	24	21
450	24	21
451	24	21
452	24	22
453	24	22
454	24	22
455	23	21
456	24	22
457	24	22
458	24	22
459	24	22
460	24	21
461	24	21
462	24	22
463	24	22
464	24	22
465	24	22
466	23	22
467	22	21
468	24	22
469	24	22
470	24	22
471	24	22
472	24	22
473	24	22
474	24	22
475	24	22
476	24	22
477	24	22
478	23	22
479	23	22
480	23	22
481	24	22
482	24	22
483	24	22
484	24	22
485	24	22
486	24	22
487	24	22
488	24	22
489	24	22
490	24	22
491	24	22
492	24	22
493	24	22
494	24	22
495	23	22
496	23	22
497	23	22
498	24	23
499	24	23
500	24	23
501	24	23
502	24	23
503	24	23
504	24	23
505	24	23
506	24	23
507	24	23
508	24	23
509	23	22
510	24	23
511	24	23
512	24	23
513	25	23
514	25	23
515	25	23
516	24	23
517	25	23
518	25	23
519	24	23
520	25	23
521	25	23
522	24	23
523	24	23
524	24	23
525	24	23
526	24	23
527	24	23
528	25	23
529	25	23
530	25	23
531	25	24
532	25	24
533	25	24
534	25	23
535	25	23
536	25	23
537	25	24
538	25	24
539	25	25
540	24	24
541	24	24
542	25	23
543	25	23
544	25	23
545	25	24
546	25	24
547	25	24
548	25	24
549	25	24
550	25	24
551	25	24
552	25	24
553	25	24
554	24	24
555	25	24
556	25	24
557	25	24
558	25	24
559	25	24
560	25	24
561	24	23
562	25	24
563	25	24
564	25	24
565	25	24
566	25	24
567	25	24
568	25	24
569	25	24
570	25	24
571	25	24
572	25	24
573	25	24
574	25	24
575	25	24
576	25	24
577	25	24
578	25	24
579	25	25
580	26	25
581	26	24
582	26	25
583	26	25
584	26	24
585	26	24
586	25	24
587	25	24
588	25	24
589	25	24
590	26	25
591	26	25
592	26	25
593	26	25
594	26	24
595	26	25
596	26	25
597	26	25
598	26	25
599	26	25
600	26	25
601	26	25
602	26	25
603	26	25
604	26	25
605	26	25
606	26	25
607	26	25
608	26	25
609	26	25
610	26	25
611	26	25
612	26	25
613	26	24
614	26	24
615	26	24
616	26	25
617	26	25
618	26	25
619	26	25
620	26	25
621	26	25
622	26	25
623	26	25
624	26	25
625	26	25
626	26	25
627	26	25
628	26	25
629	26	25
630	26	25
631	26	25
632	26	25
633	26	25
634	27	25
635	27	25
636	27	25
637	27	25
638	27	25
639	27	25
640	27	25
641	27	25
642	27	25
643	27	25
644	27	25
645	27	26
646	27	26
647	27	25
648	27	25
649	27	25
650	27	25
651	27	25
652	27	25
653	27	25
654	27	25
655	27	25
656	27	25
657	26	25
658	27	26
659	27	26
660	27	26
661	27	26
662	27	26
663	27	26
664	27	26
665	27	26
666	27	26
667	27	26
668	27	26
669	27	26
670	27	25
671	27	26
672	27	26
673	27	26
674	27	26
675	27	25
676	27	26
677	27	26
678	27	26
679	28	26
680	28	26
681	28	26
682	28	26
683	27	26
684	28	26
685	28	26
686	28	26
687	27	26
688	28	26
689	28	26
690	27	26
691	28	26
692	28	26
693	28	26
694	28	26
695	28	27
696	28	27
697	28	27
698	28	27
699	28	26
700	28	26
701	28	26
702	28	27
703	27	27
704	27	27
705	28	26
706	28	27
707	28	27
708	28	27
709	28	27
710	28	27
711	28	27
712	28	27
713	28	27
714	28	27
715	28	27
716	28	27
717	28	27
718	28	27
719	28	26
720	28	27
721	28	27
722	28	27
723	28	27
724	29	27
725	29	27
726	28	27
727	28	27
728	28	27
729	28	27
730	28	27
731	27	26
732	28	27
733	28	27
734	29	27
735	29	27
736	29	27
737	29	27
738	28	27
739	29	27
740	29	28
741	29	28
742	28	27
743	29	27
744	29	27
745	29	27
746	29	27
747	29	28
748	29	28
749	29	27
750	29	28
751	29	28
752	29	28
753	29	28
754	30	28
755	29	28
756	29	27
757	29	28
758	29	28
759	29	29
760	28	28
761	29	28
762	29	27
763	29	28
764	29	28
765	29	28
766	29	28
767	29	28
768	29	28
769	29	27
770	29	28
771	29	28
772	29	28
773	29	28
774	29	28
775	29	28
776	29	28
777	29	28
778	29	28
779	29	28
780	29	28
781	29	28
782	29	28
783	29	28
784	29	28
785	29	28
786	30	28
787	30	28
788	29	28
789	29	29
790	30	29
791	30	29
792	30	29
793	29	28
794	30	27
795	30	29
796	30	29
797	30	29
798	30	29
799	30	29
800	30	29
801	30	29
802	30	29
803	30	29
804	29	29
805	30	29
806	30	29
807	30	29
808	30	29
809	30	29
810	30	29
811	30	29
812	30	29
813	30	29
814	30	29
815	30	29
816	30	29
817	30	29
818	30	29
819	29	29
820	30	29
821	30	29
822	29	29
823	30	29
824	30	29
825	30	29
826	30	29
827	30	29
828	30	29
829	30	29
830	30	29
831	30	30
832	30	30
833	30	29
834	30	29
835	30	29
836	30	29
837	30	29
838	30	29
839	30	29
840	30	29
841	30	29
842	30	29
843	30	29
844	30	29
845	30	29
846	30	29
847	30	29
848	30	29
849	30	29
850	30	29
851	30	29
852	30	29
853	31	29
854	31	29
855	30	29
856	31	30
857	31	30
858	31	28
859	31	29
860	30	30
861	31	30
862	31	30
863	31	30
864	31	30
865	31	31
866	31	30
867	31	30
868	31	30
869	31	30
870	31	30
871	31	30
872	31	30
873	31	30
874	31	30
875	31	30
876	31	30
877	31	30
878	31	30
879	31	30
880	30	30
881	31	30
882	31	30
883	31	30
884	31	30
885	31	30
886	31	30
887	31	30
888	31	30
889	31	30
890	32	30
891	32	30
892	32	31
893	31	31
894	31	30
895	32	30
896	32	30
897	31	31
898	31	31
899	31	30
900	31	31
901	31	31
902	31	30
903	32	31
904	32	31
905	32	31
906	32	31
907	32	31
908	31	31
909	32	31
910	32	31
911	32	31
912	32	31
913	31	31
914	32	31
915	32	31
916	30	31
917	32	31
918	32	31
919	32	31
920	32	31
921	32	31
922	32	31
923	32	31
924	32	31
925	31	30
926	32	31
927	32	31
928	32	31
929	32	31
930	31	31
931	33	31
932	33	31
933	32	31
934	32	31
935	32	31
936	32	31
937	32	32
938	32	32
939	32	31
940	32	31
941	32	31
942	32	32
943	32	32
944	32	31
945	32	32
946	33	32
947	33	32
948	33	32
949	32	32
950	33	32
951	33	32
952	33	32
953	33	31
954	32	31
955	32	31
956	31	32
957	33	32
958	33	32
959	33	32
960	33	32
961	33	32
962	33	32
963	32	32
964	33	32
965	33	32
966	33	32
967	33	32
968	33	32
969	33	32
970	33	32
971	33	32
972	33	32
973	33	32
974	33	32
975	33	32
976	33	32
977	33	32
978	33	32
979	33	32
980	33	32
981	34	34
982	33	33
983	33	32
984	32	31
985	33	33
986	33	33
987	33	33
988	33	32
989	33	32
990	33	32
991	32	32
992	33	32
993	33	32
994	33	32
995	33	32
996	32	32
997	31	32
998	34	32
999	34	33
1000	33	33
1001	33	32
1002	33	33
1003	33	33
1004	33	32
1005	33	33
1006	34	33
1007	34	33
1008	33	33
1009	33	33
1010	33	33
1011	33	33
1012	34	33
1013	34	33
1014	34	33
1015	34	33
1016	34	33
1017	34	33
1018	34	33
1019	43	231
1020	71	231
1021	95	232
1022	115	232
1023	132	232
1024	146	232
1025	158	231
1026	168	233
1027	178	233
1028	187	233
1029	192	233
1030	199	234
1031	202	234
1032	207	234
1033	210	234
1034	213	234
1035	215	234
1036	218	235
1037	220	235
1038	221	234
1039	223	234
1040	224	235
1041	224	235
1042	226	234
1043	226	235
1044	227	235
1045	228	235
1046	228	235
1047	228	235
1048	228	235
1049	229	235
1050	230	235
1051	230	235
1052	230	235
1053	230	235
1054	231	235
1055	231	235
1056	231	235
1057	231	235
1058	231	235
1059	231	234
1060	232	235
1061	232	235
1062	232	235
1063	232	234
1064	231	235
1065	231	235
1066	231	233
1067	232	233
1068	232	234
1069	231	234
1070	231	235
1071	231	235
1072	232	234
1073	232	234
1074	232	234
1075	232	234
1076	231	234
1077	232	234
1078	232	234
1079	232	234
1080	232	234
1081	232	234
1082	232	234
1083	232	234
1084	231	233
1085	233	235
1086	232	234
1087	232	234
1088	232	234
1089	232	234
1090	232	234
1091	232	234
1092	231	234
1093	231	234
1094	231	234
1095	232	234
1096	232	233
1097	232	234
1098	231	234
1099	232	234
1100	232	234
1101	232	234
1102	230	233
1103	231	234
1104	232	234
1105	232	234
1106	231	234
1107	232	234
1108	232	234
1109	231	234
1110	231	234
1111	231	234
1112	231	234
1113	231	234
1114	231	233
1115	231	234
1116	231	234
1117	231	234
1118	231	234
1119	231	233
1120	231	233
1121	231	233
1122	231	233
1123	231	233
1124	230	233
1125	231	233
1126	231	233
1127	231	234
1128	230	234
1129	232	233
1130	232	233
1131	231	233
1132	231	233
1133	231	233
1134	231	233
1135	231	233
1136	231	233
1137	231	233
1138	231	233
1139	231	233
1140	231	233
1141	231	233
1142	231	233
1143	230	233
1144	231	233
1145	231	233
1146	231	233
1147	231	233
1148	230	233
1149	231	233
1150	231	233
1151	230	232
1152	230	233
1153	231	233
1154	231	233
1155	231	233
1156	231	233
1157	231	233
1158	230	233
1159	230	233
1160	230	233
1161	230	233
1162	230	233
1163	230	233
1164	231	233
1165	231	233
1166	230	233
1167	230	233
1168	230	232
1169	230	233
1170	232	234
1171	231	232
1172	230	232
1173	230	232
1174	230	232
1175	230	232
1176	230	232
1177	230	232
1178	230	232
1179	230	232
1180	230	232
1181	230	232
1182	231	233
1183	230	232
1184	230	232
1185	230	232
1186	230	232
1187	230	232
1188	230	232
1189	230	232
1190	230	232
1191	230	232
1192	230	232
1193	230	232
1194	230	232
1195	230	232
1196	230	232
1197	230	232
1198	230	232
1199	230	231
1200	230	232
1201	230	232
1202	230	232
1203	230	232
1204	230	233
1205	230	233
1206	230	232
1207	230	232
1208	230	232
1209	230	232
1210	229	231
1211	230	232
1212	230	232
1213	230	231
1214	230	232
1215	230	232
1216	229	232
1217	230	232
1218	230	232
1219	229	231
1220	229	231
1221	229	231
1222	229	231
1223	230	231
1224	230	231
1225	229	231
1226	229	231
1227	230	231
1228	230	231
1229	230	231
1230	229	231
1231	229	231
1232	229	231
1233	229	231
1234	229	231
1235	229	231
1236	229	231
1237	229	231
1238	229	231
1239	229	231
1240	229	231
1241	229	231
1242	229	231
1243	229	231
1244	229	231
1245	229	231
1246	229	231
1247	229	231
1248	229	231
1249	229	231
1250	229	231
1251	229	230
1252	229	231
1253	229	231
1254	229	231
1255	229	231
1256	229	231
1257	229	231
1258	229	231
1259	228	231
1260	229	231
1261	229	231
1262	229	230
1263	229	230
1264	229	230
1265	229	230
1266	229	231
1267	229	231
1268	229	231
1269	229	231
1270	228	231
1271	228	230
1272	228	230
1273	228	230
1274	228	230
1275	228	230
1276	228	230
1277	229	230
1278	229	230
1279	228	230
1280	228	230
1281	227	230
1282	229	230
1283	229	230
1284	229	230
1285	230	231
1286	228	231
1287	227	230
1288	227	230
1289	228	230
1290	228	230
1291	228	230
1292	228	230
1293	228	230
1294	228	229
1295	228	230
1296	228	230
1297	228	230
1298	228	230
1299	228	230
1300	228	229
1301	228	229
1302	228	230
1303	228	230
1304	228	230
1305	228	230
1306	228	230
1307	228	230
1308	228	230
1309	228	230
1310	228	230
1311	228	230
1312	227	230
1313	228	230
1314	228	230
1315	228	230
1316	228	229
1317	228	229
1318	228	229
1319	228	229
1320	228	229
1321	227	230
1322	228	230
1323	228	230
1324	228	229
1325	227	229
1326	227	229
1327	227	229
1328	227	229
1329	227	229
1330	228	229
1331	228	229
1332	227	229
1333	227	229
1334	227	229
1335	227	229
1336	227	229
1337	227	229
1338	227	229
1339	227	229
1340	227	229
1341	227	229
1342	227	229
1343	227	229
1344	227	229
1345	227	229
1346	227	229
1347	227	229
1348	226	229
1349	227	229
1350	227	229
1351	227	229
1352	227	229
1353	227	229
1354	227	229
1355	227	229
1356	227	229
1357	227	229
1358	227	229
1359	227	229
1360	226	229
1361	227	229
1362	227	229
1363	227	229
1364	227	229
1365	227	229
1366	227	229
1367	227	229
1368	227	228
1369	227	228
1370	227	228
1371	227	229
1372	227	229
1373	227	229
1374	228	229
1375	228	229
1376	226	228
1377	227	228
1378	227	228
1379	227	228
1380	227	228
1381	226	228
1382	226	228
1383	226	228
1384	227	228
1385	227	228
1386	226	228
1387	226	228
1388	226	227
1389	226	228
1390	226	228
1391	227	228
1392	227	228
1393	227	229
1394	227	229
1395	227	228
1396	226	228
1397	226	228
1398	226	228
1399	226	228
1400	226	228
1401	226	228
1402	226	228
1403	226	228
1404	226	228
1405	226	228
1406	226	228
1407	226	228
1408	226	228
1409	226	228
1410	226	228
1411	226	228
1412	226	228
1413	224	228
1414	226	228
1415	226	228
1416	226	228
1417	224	227
1418	226	228
1419	226	228
1420	226	228
1421	226	227
1422	225	227
1423	225	227
1424	225	227
1425	225	227
1426	226	227
1427	226	228
1428	226	228
1429	226	228
1430	225	227
1431	226	227
1432	226	227
1433	226	227
1434	226	227
1435	226	227
1436	226	227
1437	225	227
1438	225	227
1439	226	227
1440	226	227
1441	226	227
1442	226	227
1443	225	227
1444	226	227
1445	226	227
1446	225	227
1447	225	227
1448	225	227
1449	225	227
1450	225	227
1451	225	227
1452	224	227
1453	225	227
1454	225	227
1455	225	227
1456	225	227
1457	225	227
1458	225	227
1459	224	226
1460	225	227
1461	225	227
1462	225	227
1463	225	227
1464	225	227
1465	225	227
1466	225	226
1467	225	226
1468	225	227
1469	225	227
1470	225	226
1471	225	227
1472	225	227
1473	225	227
1474	225	226
1475	224	227
1476	225	227
1477	225	227
1478	225	226
1479	225	226
1480	225	226
1481	225	226
1482	225	226
1483	225	226
1484	225	226
1485	225	226
1486	225	226
1487	225	226
1488	225	226
1489	225	226
1490	225	226
1491	224	226
1492	225	227
1493	225	226
1494	224	226
1495	225	226
1496	225	226
1497	224	226
1498	225	226
1499	225	226
1500	225	226
1501	224	225
1502	224	226
1503	224	226
1504	225	226
1505	225	226
1506	225	226
1507	224	226
1508	224	226
1509	224	226
1510	224	226
1511	224	226
1512	224	226
1513	224	226
1514	224	226
1515	224	226
1516	225	226
1517	225	225
1518	225	225
1519	224	226
1520	224	226
1521	224	226
1522	224	225
1523	224	226
1524	224	226
1525	224	225
1526	224	225
1527	224	226
1528	224	226
1529	224	226
1530	224	226
1531	224	225
1532	223	225
1533	223	225
1534	224	225
1535	224	225
1536	224	225
1537	224	225
1538	224	225
1539	224	225
1540	224	225
1541	224	225
1542	224	225
1543	224	225
1544	224	225
1545	224	225
1546	223	225
1547	223	225
1548	223	225
1549	224	225
1550	224	225
1551	223	225
1552	223	225
1553	223	225
1554	223	225
1555	223	225
1556	223	225
1557	223	225
1558	223	225
1559	223	225
1560	223	225
1561	223	226
1562	224	225
1563	224	225
1564	224	225
1565	223	225
1566	224	225
1567	224	225
1568	224	225
1569	223	225
1570	223	225
1571	223	225
1572	223	225
1573	223	225
1574	223	225
1575	223	225
1576	223	225
1577	223	225
1578	223	225
1579	223	224
1580	223	224
1581	223	224
1582	223	225
1583	223	225
1584	223	224
1585	223	225
1586	223	225
1587	223	225
1588	223	224
1589	223	225
1590	223	225
1591	223	225
1592	223	224
1593	223	224
1594	223	224
1595	223	224
1596	223	224
1597	222	224
1598	223	224
1599	223	224
1600	223	224
1601	223	224
1602	223	224
1603	223	224
1604	222	224
1605	223	224
1606	223	224
1607	222	224
1608	222	224
1609	222	223
1610	222	224
1611	222	224
1612	222	224
1613	222	224
1614	222	224
1615	222	224
1616	222	224
1617	221	223
1618	222	224
1619	222	224
1620	222	224
1621	222	224
1622	222	224
1623	222	224
1624	222	224
1625	222	224
1626	221	223
1627	222	224
1628	222	224
1629	222	223
1630	222	224
1631	222	224
1632	222	224
1633	222	224
1634	222	224
1635	222	224
1636	222	224
1637	222	224
1638	222	224
1639	222	224
1640	222	223
1641	222	223
1642	222	223
1643	222	223
1644	216	25
1645	185	25
1646	162	25
1647	142	24
1648	124	24
1649	110	23
1650	97	23
1651	87	23
1652	78	23
1653	70	23
1654	64	22
1655	58	22
1656	53	22
1657	49	22
1658	46	22
1659	43	21
1660	40	21
1661	38	22
1662	36	22
1663	34	22
1664	33	21
1665	32	21
1666	30	21
1667	30	21
1668	29	21
1669	28	21
1670	29	21
1671	27	21
1672	26	21
1673	26	21
1674	26	21
1675	25	21
1676	25	21
1677	25	21
1678	25	21
1679	25	21
1680	25	21
1681	25	21
1682	24	21
1683	24	21
1684	24	21
1685	24	21
1686	24	21
1687	24	22
1688	24	22
1689	24	21
1690	23	22
1691	23	22
1692	24	22
1693	24	22
1694	24	21
1695	24	22
1696	23	22
1697	24	22
1698	24	22
1699	24	22
1700	24	22
1701	23	22
1702	24	22
1703	24	22
1704	24	21
1705	23	21
1706	24	21
1707	24	21
1708	24	21
1709	24	22
1710	24	22
1711	24	22
1712	24	22
1713	24	22
1714	24	22
1715	24	22
1716	24	22
1717	24	22
1718	24	22
1719	23	22
1720	24	21
1721	24	22
1722	24	22
1723	24	22
1724	24	22
1725	24	22
1726	24	22
1727	24	22
1728	24	22
1729	24	22
1730	24	22
1731	24	23
1732	24	23
1733	24	22
1734	24	22
1735	24	22
1736	24	23
1737	24	23
1738	24	23
1739	24	23
1740	24	22
1741	24	22
1742	24	22
1743	23	22
1744	24	23
1745	24	23
1746	24	23
1747	24	23
1748	24	22
1749	24	22
1750	24	22
1751	24	23
1752	24	23
1753	24	23
1754	24	23
1755	24	23
1756	24	23
1757	24	23
1758	24	23
1759	24	22
1760	24	23
1761	25	23
1762	25	23
1763	24	23
1764	24	22
1765	24	23
1766	24	23
1767	24	23
1768	24	23
1769	25	24
1770	24	23
1771	24	23
1772	24	23
1773	25	23
1774	25	23
1775	25	23
1776	25	23
1777	25	23
1778	25	23
1779	25	23
1780	25	23
1781	25	23
1782	25	23
1783	25	23
1784	25	23
1785	25	23
1786	25	23
1787	25	23
1788	25	23
1789	25	23
1790	25	24
1791	25	24
1792	25	23
1793	25	23
1794	25	23
1795	25	24
1796	25	24
1797	25	24
1798	25	24
1799	25	24
1800	25	24
1801	25	24
1802	25	24
1803	25	24
1804	25	23
1805	25	24
1806	25	24
1807	25	24
1808	25	24
1809	25	24
1810	25	23
1811	25	24
1812	25	24
1813	25	24
1814	25	24
1815	26	24
1816	26	24
1817	26	24
1818	26	24
1819	25	24
1820	25	24
1821	24	24
1822	25	24
1823	25	24
1824	25	24
1825	25	24
1826	25	23
1827	25	24
1828	25	24
1829	26	24
1830	26	24
1831	26	24
1832	26	24
1833	26	24
1834	26	24
1835	26	24
1836	26	24
1837	26	25
1838	26	25
1839	26	24
1840	26	25
1841	26	25
1842	26	25
1843	25	24
1844	26	25
1845	26	25
1846	26	25
1847	26	25
1848	26	25
1849	26	25
1850	26	25
1851	26	25
1852	26	25
1853	26	24
1854	26	25
1855	26	25
1856	26	25
1857	26	25
1858	26	25
1859	26	25
1860	24	24
1861	26	25
1862	26	25
1863	26	25
1864	26	25
1865	25	25
1866	26	25
1867	26	25
1868	26	25
1869	26	25
1870	26	25
1871	27	25
1872	26	25
1873	26	25
1874	27	25
1875	27	25
1876	26	24
1877	26	25
1878	26	25
1879	27	25
1880	27	25
1881	27	25
1882	26	25
1883	26	25
1884	26	25
1885	27	25
1886	27	25
1887	26	25
1888	27	25
1889	27	25
1890	27	26
1891	27	26
1892	27	26
1893	27	25
1894	27	25
1895	27	25
1896	26	25
1897	27	26
1898	27	26
1899	26	25
1900	27	26
1901	27	26
1902	27	26
1903	27	26
1904	27	26
1905	27	26
1906	27	26
1907	27	26
1908	27	26
1909	26	25
1910	27	25
1911	27	25
1912	27	26
1913	27	26
1914	27	26
1915	27	26
1916	27	26
1917	27	26
1918	26	25
1919	26	25
1920	27	25
1921	27	26
1922	27	26
1923	27	26
1924	27	26
1925	27	26
1926	27	26
1927	27	26
1928	27	26
1929	27	27
1930	28	27
1931	28	26
1932	28	26
1933	27	26
1934	27	26
1935	27	26
1936	27	27
1937	27	27
1938	27	26
1939	28	26
1940	28	26
1941	28	26
1942	28	27
1943	28	27
1944	28	26
1945	28	27
1946	28	27
1947	27	27
1948	28	26
1949	28	26
1950	27	27
1951	27	27
1952	28	27
1953	28	27
1954	28	26
1955	28	27
1956	28	27
1957	28	27
1958	28	27
1959	28	27
1960	28	27
1961	28	27
1962	28	27
1963	28	27
1964	27	27
1965	28	27
1966	28	27
1967	28	27
1968	28	26
1969	28	27
1970	28	27
1971	28	27
1972	28	27
1973	28	27
1974	28	27
1975	28	27
1976	28	27
1977	28	27
1978	28	27
1979	28	27
1980	28	27
1981	28	27
1982	28	27
1983	28	27
1984	28	27
1985	27	26
1986	28	27
1987	29	27
1988	29	27
1989	29	27
1990	29	28
1991	28	28
1992	29	27
1993	29	27
1994	29	27
1995	29	26
1996	28	28
1997	28	28
1998	28	28
1999	29	27
2000	29	28
2001	29	28
2002	29	28
2003	29	27
2004	29	28
2005	29	28
2006	29	28
2007	29	27
2008	29	28
2009	29	28
2010	29	28
2011	28	28
2012	29	27
2013	29	28
2014	29	28
2015	29	28
2016	29	28
2017	30	28
2018	29	28
2019	29	28
2020	29	28
2021	29	28
2022	29	28
2023	29	28
2024	29	28
2025	29	28
2026	29	28
2027	29	28
2028	29	28
2029	29	28
2030	29	28
2031	29	28
2032	29	28
2033	29	28
2034	29	28
2035	29	29
2036	30	29
2037	30	29
2038	29	29
2039	30	29
2040	30	29
2041	30	29
2042	30	29
2043	30	29
2044	30	28
2045	29	29
2046	29	29
2047	29	29
2048	30	29
2049	30	28
2050	30	29
2051	30	29
2052	30	29
2053	30	29
2054	30	29
2055	30	29
2056	30	29
2057	29	29
2058	29	29
2059	29	28
2060	30	28
2061	30	28
2062	30	29
2063	30	29
2064	29	28
2065	30	29
2066	30	29
2067	30	29
2068	30	29
2069	30	29
2070	31	28
2071	30	29
2072	30	29
2073	30	29
2074	30	29
2075	30	29
2076	30	29
2077	30	29
2078	30	29
2079	30	29
2080	30	29
2081	30	28
2082	30	29
2083	30	29
2084	30	29
2085	31	29
2086	31	29
2087	31	29
2088	30	29
2089	31	29
2090	31	29
2091	31	29
2092	30	29
2093	29	29
2094	31	29
2095	31	30
2096	31	30
2097	30	30
2098	31	30
2099	31	30
2100	31	30
2101	31	30
2102	31	29
2103	31	29
2104	31	29
2105	31	30
2106	31	30
2107	30	30
2108	31	30
2109	31	30
2110	31	30
2111	31	30
2112	31	30
2113	31	30
2114	31	30
2115	31	30
2116	31	30
2117	31	30
2118	30	30
2119	31	30
2120	31	30
2121	30	30
2122	32	30
2123	31	29
2124	31	30
2125	32	30
2126	32	30
2127	32	30
2128	30	29
2129	31	30
2130	31	30
2131	32	30
2132	32	30
2133	31	30
2134	31	30
2135	31	30
2136	31	30
2137	31	30
2138	32	30
2139	32	30
2140	31	30
2141	32	30
2142	32	30
2143	31	30
2144	31	31
2145	31	31
2146	32	31
2147	32	31
2148	32	31
2149	32	30
2150	32	30
2151	31	30
2152	32	30
2153	32	31
2154	32	31
2155	32	31
2156	32	31
2157	32	31
2158	31	31
2159	32	31
2160	32	31
2161	32	31
2162	32	31
2163	31	31
2164	31	31
2165	31	30
2166	32	31
2167	32	31
2168	32	31
2169	32	30
2170	32	31
2171	31	31
2172	32	31
2173	32	31
2174	32	31
2175	32	31
2176	32	31
2177	32	31
2178	32	31
2179	32	31
2180	32	31
2181	32	31
2182	32	31
2183	32	31
2184	31	30
2185	32	31
2186	32	31
2187	33	31
2188	33	31
2189	32	32
2190	32	32
2191	33	31
2192	33	32
2193	33	32
2194	32	32
2195	32	32
2196	33	32
2197	33	32
2198	33	32
2199	33	32
2200	33	32
2201	33	32
2202	33	32
2203	33	32
2204	32	32
2205	33	32
2206	33	32
2207	32	32
2208	33	32
2209	33	32
2210	32	32
2211	33	32
2212	33	32
2213	33	32
2214	33	31
2215	33	32
2216	33	33
2217	33	33
2218	33	32
2219	33	32
2220	32	32
2221	33	32
2222	33	32
2223	32	32
2224	33	32
2225	33	32
2226	33	32
2227	33	32
2228	33	32
2229	33	32
2230	33	32
2231	33	32
2232	33	32
2233	33	32
2234	33	32
2235	33	32
2236	33	32
2237	33	32
2238	33	32
2239	33	32
2240	33	32
2241	32	32
2242	33	32
2243	33	32
2244	33	32
2245	33	33
2246	33	33
2247	33	33
2248	33	33
2249	33	32
2250	34	33
2251	34	33
2252	34	33
2253	34	33
2254	33	32
2255	33	33
2256	33	33
2257	33	33
2258	34	33
2259	34	33
2260	33	33
2261	33	33
2262	33	33
2263	33	33
2264	33	33
2265	33	33
2266	33	33
2267	33	33
2268	33	33
2269	42	231
2270	71	231
2271	95	231
2272	116	231
2273	130	231
2274	145	232
2275	159	233
2276	169	233
2277	178	233
2278	185	233
2279	192	234
2280	198	234
2281	202	234
2282	207	234
2283	210	234
2284	213	234
2285	214	233
2286	217	235
2287	220	235
2288	222	235
2289	223	235
2290	224	235
2291	224	235
2292	226	235
2293	227	235
2294	227	234
2295	228	234
2296	228	234
2297	229	235
2298	229	235
2299	229	235
2300	230	235
2301	230	235
2302	229	235
2303	230	235
2304	231	235
2305	231	235
2306	231	235
2307	231	235
2308	231	235
2309	231	234
2310	230	234
2311	231	234
2312	231	234
2313	231	234
2314	231	234
2315	231	234
2316	231	234
2317	231	234
2318	232	234
2319	232	234
2320	231	234
2321	231	234
2322	231	234
2323	231	234
2324	231	234
2325	232	234
2326	232	234
2327	232	234
2328	231	234
2329	231	234
2330	231	234
2331	232	234
2332	232	234
2333	232	234
2334	232	234
2335	232	234
2336	231	234
2337	231	234
2338	231	234
2339	231	233
2340	231	234
2341	231	234
2342	232	234
2343	232	234
2344	232	234
2345	232	234
2346	231	234
2347	231	234
2348	231	234
2349	232	233
2350	232	233
2351	232	234
2352	231	234
2353	232	234
2354	231	234
2355	231	234
2356	231	234
2357	232	234
2358	232	234
2359	232	234
2360	231	233
2361	230	233
2362	231	233
2363	231	234
2364	231	234
2365	231	234
2366	231	233
2367	231	233
2368	231	233
2369	231	233
2370	231	233
2371	231	233
2372	231	234
2373	231	234
2374	231	233
2375	231	234
2376	230	235
2377	231	235
2378	231	233
2379	231	233
2380	231	233
2381	231	233
2382	231	233
2383	230	232
2384	231	233
2385	231	233
2386	230	233
2387	231	233
2388	231	233
2389	231	233
2390	230	233
2391	231	233
2392	231	233
2393	231	233
2394	231	233
2395	231	233
2396	231	233
2397	231	233
2398	231	233
2399	231	233
2400	231	233
2401	231	233
2402	230	233
2403	230	233
2404	230	232
2405	231	233
2406	231	233
2407	230	233
2408	230	233
2409	230	233
2410	230	232
2411	230	233
2412	231	233
2413	231	233
2414	230	232
2415	230	233
2416	230	233
2417	230	233
2418	230	232
2419	230	232
2420	230	232
2421	230	233
2422	230	233
2423	230	233
2424	230	232
2425	230	232
2426	230	232
2427	230	232
2428	230	232
2429	230	232
2430	230	232
2431	230	232
2432	230	232
2433	230	232
2434	230	232
2435	230	232
2436	229	232
2437	229	232
2438	229	232
2439	230	232
2440	230	232
2441	230	232
2442	230	232
2443	230	232
2444	229	232
2445	230	232
2446	230	232
2447	230	232
2448	230	232
2449	230	231
2450	230	232
2451	230	232
2452	230	232
2453	229	232
2454	230	232
2455	230	232
2456	230	231
2457	230	232
2458	230	232
2459	230	231
2460	230	231
2461	230	232
2462	230	232
2463	230	232
2464	230	232
2465	230	232
2466	230	231
2467	230	233
2468	230	232
2469	229	231
2470	230	232
2471	230	232
2472	230	231
2473	229	232
2474	229	232
2475	230	232
2476	231	232
2477	230	232
2478	229	231
2479	230	231
2480	230	231
2481	229	231
2482	230	231
2483	230	231
2484	230	231
2485	229	231
2486	229	231
2487	229	231
2488	229	231
2489	229	231
2490	229	231
2491	229	231
2492	229	231
2493	229	231
2494	229	231
2495	229	231
2496	229	231
2497	229	231
2498	229	231
2499	229	231
2500	229	232
2501	227	232
2502	228	231
2503	229	231
2504	229	231
2505	229	231
2506	229	231
2507	229	231
2508	229	231
2509	229	231
2510	229	231
2511	229	231
2512	229	231
2513	228	231
2514	227	231
2515	228	231
2516	228	230
2517	229	231
2518	229	231
2519	229	231
2520	229	231
2521	229	231
2522	229	231
2523	227	230
2524	228	230
2525	228	230
2526	228	230
2527	228	230
2528	228	230
2529	228	230
2530	229	230
2531	229	231
2532	228	230
2533	228	230
2534	228	230
2535	228	230
2536	228	230
2537	228	230
2538	228	230
2539	228	230
2540	228	230
2541	228	230
2542	228	230
2543	228	230
2544	228	230
2545	228	230
2546	228	230
2547	228	230
2548	228	230
2549	228	230
2550	228	230
2551	228	230
2552	228	230
2553	227	230
2554	228	229
2555	228	230
2556	228	230
2557	228	230
2558	227	230
2559	228	230
2560	228	230
2561	228	230
2562	228	230
2563	228	230
2564	228	230
2565	228	230
2566	228	230
2567	228	230
2568	227	229
2569	228	230
2570	228	230
2571	228	230
2572	228	230
2573	228	229
2574	228	229
2575	227	230
2576	228	230
2577	228	229
2578	228	229
2579	228	229
2580	228	230
2581	228	230
2582	227	229
2583	227	229
2584	228	229
2585	228	229
2586	227	229
2587	228	229
2588	228	229
2589	227	229
2590	227	229
2591	227	229
2592	228	229
2593	228	229
2594	227	229
2595	227	229
2596	227	229
2597	227	229
2598	227	229
2599	227	229
2600	226	229
2601	227	229
2602	227	229
2603	227	229
2604	226	229
2605	227	229
2606	227	229
2607	227	229
2608	227	229
2609	227	229
2610	227	229
2611	227	229
2612	227	229
2613	227	229
2614	227	229
2615	226	229
2616	226	229
2617	226	229
2618	226	229
2619	226	229
2620	226	229
2621	227	228
2622	227	229
2623	227	229
2624	227	229
2625	227	229
2626	226	229
2627	226	229
2628	226	229
2629	227	229
2630	227	228
2631	226	229
2632	226	229
2633	227	228
2634	227	228
2635	226	229
2636	226	229
2637	226	227
2638	226	228
2639	226	228
2640	226	228
2641	226	229
2642	226	229
2643	226	227
2644	226	228
2645	226	228
2646	226	228
2647	226	228
2648	227	228
2649	227	228
2650	227	228
2651	226	228
2652	226	228
2653	226	228
2654	226	228
2655	226	228
2656	226	228
2657	225	227
2658	226	228
2659	226	228
2660	226	228
2661	225	228
2662	226	228
2663	226	228
2664	226	227
2665	226	228
2666	226	228
2667	227	228
2668	227	228
2669	227	228
2670	225	228
2671	226	228
2672	226	228
2673	226	227
2674	226	227
2675	226	227
2676	226	228
2677	226	228
2678	226	227
2679	226	228
2680	226	228
2681	225	228
2682	226	228
2683	226	227
2684	226	227
2685	225	227
2686	226	227
2687	226	227
2688	226	227
2689	226	227
2690	226	227
2691	226	227
2692	226	227
2693	226	227
2694	226	227
2695	225	227
2696	226	227
2697	226	227
2698	225	227
2699	225	227
2700	225	227
2701	225	227
2702	225	227
2703	225	227
2704	225	227
2705	225	227
2706	225	227
2707	225	227
2708	225	227
2709	225	227
2710	225	227
2711	225	227
2712	225	227
2713	225	227
2714	225	227
2715	225	227
2716	225	227
2717	225	227
2718	224	227
2719	225	227
2720	225	227
2721	225	227
2722	225	227
2723	225	227
2724	225	227
2725	224	225
2726	225	226
2727	225	227
2728	225	227
2729	225	227
2730	225	227
2731	225	226
2732	225	227
2733	225	227
2734	225	227
2735	225	226
2736	224	226
2737	226	225
2738	225	226
2739	225	226
2740	224	226
2741	225	226
2742	225	226
2743	225	226
2744	225	226
2745	225	226
2746	225	226
2747	225	226
2748	224	226
2749	224	225
2750	224	226
2751	223	226
2752	225	225
2753	225	226
2754	225	226
2755	224	226
2756	224	226
2757	224	226
2758	224	226
2759	224	226
2760	224	226
2761	224	225
2762	224	226
2763	224	226
2764	224	225
2765	224	226
2766	224	226
2767	224	226
2768	223	226
2769	224	226
2770	224	226
2771	224	226
2772	224	226
2773	224	226
2774	224	226
2775	224	225
2776	224	226
2777	224	226
2778	224	225
2779	224	225
2780	224	226
2781	224	226
2782	224	226
2783	223	225
2784	224	225
2785	224	226
2786	224	226
2787	224	226
2788	224	225
2789	224	225
2790	224	226
2791	224	227
2792	224	226
2793	224	226
2794	223	224
2795	224	225
2796	224	225
2797	224	225
2798	224	225
2799	225	225
2800	224	225
2801	223	225
2802	223	225
2803	223	225
2804	224	225
2805	224	225
2806	224	225
2807	224	225
2808	224	225
2809	224	225
2810	223	225
2811	224	224
2812	224	225
2813	224	225
2814	224	225
2815	223	225
2816	224	225
2817	224	225
2818	223	224
2819	223	225
2820	223	225
2821	222	225
2822	223	225
2823	223	225
2824	223	225
2825	223	225
2826	223	225
2827	223	225
2828	223	224
2829	222	225
2830	223	225
2831	223	225
2832	223	225
2833	223	224
2834	223	225
2835	223	225
2836	223	225
2837	223	225
2838	223	225
2839	223	224
2840	223	225
2841	223	225
2842	222	224
2843	223	224
2844	223	224
2845	223	225
2846	223	225
2847	222	224
2848	223	224
2849	223	224
2850	223	224
2851	223	225
2852	223	225
2853	223	224
2854	222	224
2855	222	224
2856	222	224
2857	223	224
2858	223	224
2859	222	224
2860	223	223
2861	222	224
2862	222	224
2863	222	224
2864	222	224
2865	222	224
2866	222	224
2867	222	224
2868	222	224
2869	222	224
2870	222	224
2871	222	223
2872	222	224
2873	222	224
2874	223	224
2875	222	224
2876	222	224
2877	222	224
2878	222	224
2879	222	223
2880	222	224
2881	222	224
2882	222	224
2883	222	224
2884	221	224
2885	221	224
2886	221	224
2887	221	224
2888	222	224
2889	222	224
2890	222	224
2891	222	223
2892	222	224
2893	222	224
2894	212	25
2895	185	25
2896	161	25
2897	142	25
2898	124	24
2899	110	23
2900	98	23
2901	87	23
2902	77	23
2903	70	22
2904	63	22
2905	58	22
2906	53	22
2907	49	22
2908	45	22
2909	43	22
2910	39	21
2911	38	21
2912	36	21
2913	34	21
2914	33	21
2915	30	21
2916	30	21
2917	29	21
2918	28	21
2919	27	21
2920	27	21
2921	27	21
2922	27	21
2923	26	21
2924	26	21
2925	26	21
2926	25	21
2927	25	21
2928	25	21
2929	25	21
2930	24	21
2931	24	22
2932	23	22
2933	24	21
2934	25	21
2935	24	21
2936	24	21
2937	24	21
2938	24	21
2939	24	21
2940	24	21
2941	24	22
2942	24	22
2943	24	21
2944	24	22
2945	24	22
2946	24	22
2947	24	21
2948	24	21
2949	23	21
2950	24	22
2951	24	22
2952	24	22
2953	24	21
2954	23	21
2955	24	22
2956	24	22
2957	24	22
2958	24	22
2959	24	22
2960	24	22
2961	24	22
2962	24	22
2963	23	22
2964	24	22
2965	24	22
2966	25	21
2967	24	22
2968	24	22
2969	24	22
2970	24	22
2971	24	22
2972	24	22
2973	24	22
2974	24	22
2975	23	22
2976	24	22
2977	24	22
2978	24	22
2979	24	22
2980	24	22
2981	24	22
2982	24	23
2983	25	23
2984	23	22
2985	24	22
2986	24	22
2987	24	22
2988	24	22
2989	24	22
2990	24	22
2991	24	22
2992	24	23
2993	24	23
2994	24	22
2995	24	23
2996	24	23
2997	24	22
2998	24	22
2999	25	22
3000	25	24
3001	24	23
3002	24	23
3003	24	23
3004	24	23
3005	24	23
3006	24	23
3007	25	23
3008	25	23
3009	25	23
3010	24	23
3011	25	23
3012	25	23
3013	25	23
3014	24	23
3015	25	23
3016	25	23
3017	23	24
3018	24	23
3019	25	23
3020	25	23
3021	25	23
3022	25	23
3023	25	23
3024	25	23
3025	25	23
3026	25	23
3027	25	23
3028	25	23
3029	25	23
3030	25	23
3031	25	23
3032	25	23
3033	25	23
3034	24	23
3035	24	23
3036	25	23
3037	25	24
3038	25	24
3039	25	23
3040	25	23
3041	24	23
3042	23	24
3043	25	24
3044	25	23
3045	25	23
3046	25	24
3047	25	24
3048	25	24
3049	25	24
3050	25	24
3051	25	24
3052	25	24
3053	25	23
3054	25	24
3055	25	24
3056	25	24
3057	25	24
3058	25	24
3059	26	23
3060	25	24
3061	25	24
3062	25	24
3063	25	24
3064	25	24
3065	26	24
3066	26	24
3067	26	24
3068	25	24
3069	25	24
3070	25	24
3071	25	25
3072	26	25
3073	26	24
3074	25	24
3075	26	24
3076	26	24
3077	26	24
3078	26	24
3079	26	24
3080	25	24
3081	26	24
3082	26	24
3083	26	24
3084	25	24
3085	26	24
3086	26	24
3087	26	24
3088	25	24
3089	26	24
3090	26	24
3091	27	25
3092	26	24
3093	26	25
3094	26	25
3095	26	25
3096	26	25
3097	26	25
3098	26	23
3099	26	24
3100	26	25
3101	26	25
3102	26	25
3103	26	24
3104	26	25
3105	26	25
3106	26	25
3107	26	25
3108	25	26
3109	26	25
3110	26	25
3111	26	25
3112	26	25
3113	26	25
3114	26	25
3115	26	25
3116	26	25
3117	26	25
3118	26	25
3119	26	25
3120	26	25
3121	26	25
3122	26	25
3123	26	25
3124	26	25
3125	25	24
3126	26	25
3127	26	25
3128	26	25
3129	27	25
3130	27	25
3131	27	25
3132	26	25
3133	26	25
3134	27	25
3135	27	25
3136	27	26
3137	27	26
3138	27	25
3139	27	25
3140	27	25
3141	27	26
3142	27	26
3143	27	26
3144	27	25
3145	27	26
3146	27	26
3147	26	26
3148	27	26
3149	27	25
3150	26	26
3151	27	26
3152	27	25
3153	27	25
3154	26	25
3155	27	26
3156	27	26
3157	27	26
3158	27	26
3159	27	26
3160	27	26
3161	27	26
3162	27	26
3163	27	26
3164	27	26
3165	27	26
3166	27	25
3167	27	26
3168	27	26
3169	27	26
3170	27	26
3171	27	26
3172	27	26
3173	28	26
3174	28	26
3175	28	26
3176	27	26
3177	28	27
3178	28	27
3179	28	26
3180	27	26
3181	27	26
3182	27	26
3183	28	26
3184	28	26
3185	28	27
3186	27	27
3187	28	26
3188	28	26
3189	28	26
3190	28	27
3191	28	27
3192	28	26
3193	28	26
3194	28	26
3195	27	27
3196	27	27
3197	27	27
3198	28	26
3199	28	26
3200	27	26
3201	27	27
3202	27	27
3203	28	27
3204	28	27
3205	28	27
3206	28	26
3207	28	27
3208	28	27
3209	28	27
3210	28	27
3211	28	27
3212	28	27
3213	28	27
3214	27	26
3215	28	26
3216	29	26
3217	29	27
3218	28	27
3219	28	27
3220	28	26
3221	28	27
3222	28	27
3223	28	27
3224	28	27
3225	28	27
3226	28	27
3227	28	27
3228	28	27
3229	28	28
3230	28	27
3231	28	27
3232	28	27
3233	27	27
3234	28	26
3235	28	27
3236	28	27
3237	29	27
3238	29	27
3239	29	27
3240	28	28
3241	28	28
3242	29	28
3243	29	28
3244	29	28
3245	29	28
3246	29	28
3247	28	28
3248	29	27
3249	29	28
3250	28	28
3251	28	28
3252	29	28
3253	29	28
3254	28	27
3255	29	28
3256	29	28
3257	29	27
3258	29	28
3259	29	28
3260	29	28
3261	29	28
3262	29	28
3263	29	28
3264	29	28
3265	29	28
3266	29	28
3267	28	28
3268	29	28
3269	29	28
3270	29	28
3271	29	28
3272	29	27
3273	29	28
3274	29	28
3275	29	28
3276	29	28
3277	29	29
3278	29	29
3279	29	28
3280	30	28
3281	30	29
3282	29	29
3283	29	28
3284	29	29
3285	30	29
3286	30	29
3287	30	29
3288	30	29
3289	30	28
3290	30	29
3291	29	29
3292	30	29
3293	30	29
3294	29	29
3295	30	29
3296	30	29
3297	30	29
3298	30	29
3299	30	28
3300	29	29
3301	30	29
3302	30	29
3303	30	29
3304	30	30
3305	30	29
3306	30	29
3307	30	29
3308	30	29
3309	30	29
3310	30	29
3311	30	29
3312	30	29
3313	30	29
3314	30	29
3315	30	29
3316	30	29
3317	31	30
3318	30	29
3319	30	29
3320	31	30
3321	31	30
3322	31	30
3323	30	29
3324	30	29
3325	30	29
3326	30	29
3327	30	29
3328	30	29
3329	30	29
3330	30	29
3331	30	29
3332	30	29
3333	30	29
3334	30	29
3335	31	29
3336	30	29
3337	30	30
3338	30	30
3339	31	29
3340	31	29
3341	31	29
3342	31	30
3343	31	30
3344	31	29
3345	30	29
3346	31	29
3347	31	29
3348	30	29
3349	31	29
3350	31	30
3351	31	30
3352	31	30
3353	31	30
3354	31	29
3355	31	30
3356	31	30
3357	31	29
3358	31	30
3359	31	30
3360	31	30
3361	31	30
3362	31	30
3363	31	30
3364	31	30
3365	30	30
3366	31	30
3367	31	30
3368	31	30
3369	31	30
3370	31	30
3371	31	30
3372	31	30
3373	31	30
3374	31	30
3375	31	30
3376	31	30
3377	31	30
3378	31	30
3379	31	30
3380	31	30
3381	31	30
3382	31	30
3383	31	30
3384	31	30
3385	31	30
3386	31	30
3387	31	30
3388	31	30
3389	31	30
3390	31	30
3391	32	30
3392	32	31
3393	32	31
3394	31	31
3395	31	31
3396	31	30
3397	31	30
3398	29	30
3399	31	30
3400	31	30
3401	31	31
3402	32	31
3403	32	31
3404	32	31
3405	32	31
3406	32	31
3407	32	31
3408	32	31
3409	32	31
3410	32	31
3411	32	31
3412	32	31
3413	32	31
3414	31	31
3415	30	31
3416	32	31
3417	32	31
3418	32	31
3419	32	31
3420	32	31
3421	32	31
3422	32	31
3423	32	31
3424	32	31
3425	32	31
3426	32	31
3427	32	31
3428	32	31
3429	32	31
3430	32	31
3431	32	31
3432	33	32
3433	32	32
3434	31	31
3435	32	31
3436	32	31
3437	32	31
3438	32	31
3439	32	31
3440	32	31
3441	32	31
3442	32	32
3443	32	32
3444	32	32
3445	32	32
3446	32	32
3447	32	31
3448	32	32
3449	32	32
3450	32	32
3451	32	32
3452	32	32
3453	32	32
3454	32	32
3455	32	32
3456	32	32
3457	32	32
3458	33	32
3459	33	32
3460	33	32
3461	33	32
3462	33	32
3463	34	32
3464	34	32
3465	33	31
3466	33	31
3467	33	32
3468	33	32
3469	33	32
3470	33	32
3471	33	32
3472	33	32
3473	33	32
3474	33	32
3475	33	32
3476	33	32
3477	33	32
3478	33	32
3479	33	32
3480	32	32
3481	32	32
3482	33	32
3483	33	32
3484	32	32
3485	33	32
3486	33	32
3487	33	32
3488	33	32
3489	33	32
3490	33	32
3491	33	32
3492	33	32
3493	33	33
3494	33	33
3495	33	33
3496	33	33
3497	33	33
3498	33	32
3499	33	32
3500	33	32
3501	33	33
3502	33	33
3503	33	33
3504	33	32
3505	33	33
3506	33	33
3507	33	33
3508	33	33
3509	33	33
3510	34	33
3511	34	33
3512	33	33
3513	34	33
3514	34	33
3515	33	33
3516	34	33
3517	34	33
3518	34	33
3519	43	231
3520	72	231
3521	95	231
3522	115	232
3523	131	232
3524	146	232
3525	158	233
3526	169	233
3527	178	233
3528	186	233
3529	192	234
3530	197	234
3531	203	234
3532	206	233
3533	211	234
3534	213	234
3535	216	234
3536	218	234
3537	220	234
3538	221	234
3539	222	234
3540	222	234
3541	225	234
3542	226	234
3543	226	234
3544	228	234
3545	228	235
3546	229	235
3547	229	235
3548	229	235
3549	229	235
3550	230	235
3551	230	234
3552	230	235
3553	230	235
3554	231	235
3555	231	234
3556	231	234
3557	231	234
3558	232	234
3559	232	234
3560	231	234
3561	231	234
3562	231	234
3563	232	234
3564	232	234
3565	231	235
3566	232	235
3567	232	235
3568	232	234
3569	231	234
3570	231	234
3571	231	234
3572	232	234
3573	232	234
3574	232	234
3575	232	234
3576	232	234
3577	232	234
3578	232	234
3579	232	234
3580	232	234
3581	233	234
3582	233	234
3583	232	234
3584	232	234
3585	232	234
3586	232	234
3587	232	234
3588	232	234
3589	232	234
3590	232	234
3591	232	234
3592	232	234
3593	232	234
3594	232	234
3595	231	234
3596	232	234
3597	232	234
3598	231	234
3599	232	233
3600	232	234
3601	232	234
3602	231	234
3603	232	234
3604	232	234
3605	232	234
3606	232	234
3607	231	234
3608	231	234
3609	231	234
3610	231	234
3611	230	233
3612	233	234
3613	233	234
3614	232	234
3615	232	234
3616	232	234
3617	232	234
3618	232	233
3619	231	233
3620	231	233
3621	232	234
3622	232	234
3623	231	233
3624	231	233
3625	231	233
3626	232	233
3627	232	233
3628	232	233
3629	231	233
3630	231	233
3631	231	233
3632	231	234
3633	231	234
3634	231	233
3635	231	233
3636	231	233
3637	231	233
3638	231	233
3639	231	233
3640	231	233
3641	231	233
3642	230	233
3643	231	233
3644	231	233
3645	231	233
3646	230	233
3647	231	233
3648	231	233
3649	230	232
3650	231	233
3651	231	233
3652	231	233
3653	231	233
3654	231	232
3655	230	233
3656	230	233
3657	230	233
3658	230	233
3659	230	232
3660	230	232
3661	230	233
3662	230	233
3663	230	233
3664	230	233
3665	230	233
3666	230	232
3667	230	232
3668	230	234
3669	231	234
3670	231	233
3671	230	233
3672	231	233
3673	231	231
3674	230	232
3675	230	232
3676	230	232
3677	230	232
3678	230	232
3679	230	232
3680	230	232
3681	230	231
3682	230	232
3683	230	232
3684	230	232
3685	230	232
3686	230	232
3687	230	232
3688	230	232
3689	230	232
3690	228	231
3691	230	232
3692	230	232
3693	230	232
3694	230	232
3695	230	232
3696	230	232
3697	230	232
3698	230	232
3699	230	232
3700	230	231
3701	230	232
3702	230	232
3703	230	232
3704	230	232
3705	229	230
3706	229	231
3707	230	232
3708	230	232
3709	230	232
3710	230	232
3711	230	232
3712	230	232
3713	230	232
3714	230	232
3715	230	232
3716	230	232
3717	230	232
3718	229	232
3719	230	232
3720	230	232
3721	230	231
3722	230	232
3723	230	232
3724	229	232
3725	230	231
3726	230	231
3727	230	231
3728	230	231
3729	229	231
3730	229	231
3731	229	231
3732	230	231
3733	231	232
3734	230	231
3735	229	231
3736	229	231
3737	229	231
3738	229	231
3739	229	231
3740	229	231
3741	229	231
3742	229	231
3743	229	231
3744	229	231
3745	228	231
3746	229	231
3747	229	231
3748	229	231
3749	229	231
3750	228	231
3751	229	231
3752	229	231
3753	229	231
3754	229	231
3755	229	231
3756	229	231
3757	229	231
3758	227	230
3759	226	230
3760	229	231
3761	229	231
3762	229	231
3763	229	231
3764	227	230
3765	228	231
3766	229	231
3767	229	231
3768	229	231
3769	229	230
3770	228	230
3771	229	230
3772	229	231
3773	229	231
3774	228	230
3775	229	230
3776	229	230
3777	229	231
3778	228	231
3779	228	230
3780	228	230
3781	229	230
3782	229	230
3783	229	231
3784	228	231
3785	228	231
3786	228	230
3787	228	230
3788	228	230
3789	228	230
3790	228	230
3791	227	229
3792	228	229
3793	228	228
3794	228	229
3795	228	230
3796	228	230
3797	228	230
3798	228	230
3799	228	230
3800	228	230
3801	228	230
3802	228	230
3803	228	230
3804	228	230
3805	228	230
3806	228	230
3807	228	230
3808	228	230
3809	228	230
3810	228	230
3811	228	229
3812	228	230
3813	228	230
3814	228	230
3815	228	230
3816	228	230
3817	228	230
3818	228	230
3819	228	229
3820	228	229
3821	227	229
3822	228	229
3823	228	229
3824	227	230
3825	227	230
3826	227	229
3827	228	229
3828	228	229
3829	227	229
3830	227	228
3831	228	229
3832	228	229
3833	227	229
3834	227	229
3835	227	229
3836	227	229
3837	228	229
3838	228	229
3839	227	229
3840	228	229
3841	228	229
3842	228	229
3843	228	229
3844	228	229
3845	228	229
3846	227	229
3847	228	229
3848	228	229
3849	228	229
3850	227	229
3851	227	229
3852	227	229
3853	227	229
3854	227	229
3855	227	229
3856	227	229
3857	228	229
3858	229	229
3859	227	229
3860	227	229
3861	227	229
3862	227	229
3863	227	229
3864	227	229
3865	227	229
3866	227	229
3867	227	229
3868	227	229
3869	227	228
3870	227	229
3871	227	229
3872	227	229
3873	227	229
3874	227	229
3875	227	229
3876	227	228
3877	227	228
3878	226	228
3879	227	228
3880	227	228
3881	227	229
3882	227	229
3883	226	229
3884	226	229
3885	226	228
3886	226	228
3887	226	228
3888	226	228
3889	227	227
3890	226	228
3891	227	228
3892	227	228
3893	227	228
3894	227	228
3895	227	228
3896	226	228
3897	225	228
3898	227	228
3899	227	228
3900	226	228
3901	226	228
3902	226	228
3903	226	227
3904	226	228
3905	226	228
3906	226	227
3907	226	228
3908	225	228
3909	226	227
3910	226	228
3911	226	228
3912	226	228
3913	226	228
3914	226	228
3915	226	228
3916	226	228
3917	226	227
3918	226	228
3919	226	228
3920	226	228
3921	226	228
3922	226	228
3923	225	228
3924	226	227
3925	226	227
3926	226	228
3927	226	228
3928	226	228
3929	226	228
3930	226	228
3931	225	227
3932	226	227
3933	226	227
3934	226	227
3935	226	227
3936	226	228
3937	226	228
3938	225	226
3939	225	227
3940	226	227
3941	226	227
3942	226	227
3943	226	227
3944	226	227
3945	226	228
3946	226	227
3947	226	227
3948	226	227
3949	225	227
3950	225	227
3951	226	227
3952	226	227
3953	225	227
3954	225	227
3955	225	227
3956	225	227
3957	225	227
3958	225	227
3959	225	226
3960	225	227
3961	225	227
3962	225	227
3963	225	227
3964	225	227
3965	225	226
3966	225	226
3967	224	226
3968	225	226
3969	225	226
3970	225	226
3971	225	226
3972	225	226
3973	225	227
3974	225	227
3975	225	227
3976	225	226
3977	225	226
3978	225	226
3979	225	226
3980	225	227
3981	225	227
3982	225	226
3983	225	225
3984	225	226
3985	225	226
3986	225	226
3987	225	226
3988	225	226
3989	225	226
3990	225	226
3991	225	226
3992	225	226
3993	223	226
3994	224	226
3995	224	226
3996	224	226
3997	224	226
3998	224	226
3999	224	226
4000	224	225
4001	225	226
4002	225	226
4003	225	226
4004	224	226
4005	225	226
4006	225	226
4007	225	226
4008	225	226
4009	224	226
4010	224	226
4011	224	226
4012	225	226
4013	224	225
4014	223	224
4015	223	226
4016	225	226
4017	225	226
4018	224	226
4019	224	226
4020	224	226
4021	224	226
4022	224	226
4023	224	226
4024	224	226
4025	224	226
4026	224	226
4027	224	226
4028	224	226
4029	223	225
4030	224	225
4031	224	225
4032	224	226
4033	224	226
4034	224	226
4035	224	226
4036	224	226
4037	224	226
4038	224	225
4039	224	225
4040	224	225
4041	223	224
4042	224	225
4043	224	225
4044	224	225
4045	224	225
4046	224	225
4047	223	225
4048	224	225
4049	223	225
4050	223	225
4051	223	225
4052	224	225
4053	224	225
4054	224	225
4055	224	225
4056	223	224
4057	223	225
4058	223	225
4059	223	225
4060	223	225
4061	223	225
4062	223	225
4063	222	225
4064	223	225
4065	223	225
4066	222	225
4067	221	224
4068	223	225
4069	223	225
4070	223	224
4071	223	224
4072	223	225
4073	223	225
4074	223	225
4075	223	225
4076	223	225
4077	223	225
4078	223	224
4079	223	225
4080	223	225
4081	223	224
4082	223	224
4083	222	224
4084	223	225
4085	223	225
4086	223	225
4087	223	225
4088	223	225
4089	223	224
4090	223	224
4091	223	225
4092	223	224
4093	222	225
4094	223	225
4095	222	224
