  Hz	 Vrms	dBV
1000	0.302	-10.399
1050	0.316	-9.997
1100	0.329	-9.644
1150	0.345	-9.249
1200	0.358	-8.919
1250	0.372	-8.586
1300	0.385	-8.292
1350	0.400	-7.959
1400	0.413	-7.676
1450	0.427	-7.390
1500	0.439	-7.146
1550	0.453	-6.886
1600	0.463	-6.694
1650	0.477	-6.438
1700	0.487	-6.252
1750	0.500	-6.017
1800	0.511	-5.825
1850	0.524	-5.614
1900	0.533	-5.460
1950	0.545	-5.274
2000	0.554	-5.134
2050	0.565	-4.961
2100	0.574	-4.820
2150	0.588	-4.614
2200	0.599	-4.454
2250	0.608	-4.326
2300	0.617	-4.199
2350	0.625	-4.081
2400	0.634	-3.953
2450	0.646	-3.798
2500	0.654	-3.693
2550	0.663	-3.570
2600	0.670	-3.483
2650	0.680	-3.344
2700	0.684	-3.295
2750	0.693	-3.181
2800	0.702	-3.073
2850	0.709	-2.981
2900	0.714	-2.930
2950	0.759	-2.395
3000	0.759	-2.393
3050	0.769	-2.282
3100	0.772	-2.243
3150	0.783	-2.128
3200	0.784	-2.116
3250	0.790	-2.044
3300	0.793	-2.017
3350	0.798	-1.960
3400	0.802	-1.913
3450	0.807	-1.863
3500	0.809	-1.837
3550	0.813	-1.797
3600	0.816	-1.764
3650	0.818	-1.746
3700	0.820	-1.724
3750	0.818	-1.742
3800	0.820	-1.721
3850	0.826	-1.663
3900	0.825	-1.673
3950	0.826	-1.662
4000	0.824	-1.683
4050	0.825	-1.675
4100	0.822	-1.701
4150	0.823	-1.693
4200	0.823	-1.687
4250	0.822	-1.704
4300	0.822	-1.699
4350	0.820	-1.724
4400	0.822	-1.708
4450	0.819	-1.733
4500	0.816	-1.763
4550	0.813	-1.794
4600	0.812	-1.807
4650	0.812	-1.811
4700	0.807	-1.861
4750	0.805	-1.884
4800	0.804	-1.899
4850	0.798	-1.960
4900	0.797	-1.966
4950	0.794	-1.999
5000	0.791	-2.041
5050	0.790	-2.052
5100	0.782	-2.132
5150	0.786	-2.096
5200	0.782	-2.133
5250	0.776	-2.206
5300	0.777	-2.187
5350	0.773	-2.241
5400	0.770	-2.271
5450	0.767	-2.310
5500	0.761	-2.375
5550	0.755	-2.447
5600	0.751	-2.482
5650	0.751	-2.487
5700	0.750	-2.500
5750	0.743	-2.579
5800	0.741	-2.602
5850	0.735	-2.677
5900	0.735	-2.673
5950	0.730	-2.736
6000	0.728	-2.762
6050	0.725	-2.797
6100	0.719	-2.871
6150	0.719	-2.870
6200	0.711	-2.958
6250	0.709	-2.986
6300	0.706	-3.021
6350	0.702	-3.068
6400	0.698	-3.126
6450	0.695	-3.164
6500	0.691	-3.214
6550	0.686	-3.273
6600	0.685	-3.291
6650	0.679	-3.365
6700	0.676	-3.400
6750	0.672	-3.449
6800	0.667	-3.522
6850	0.664	-3.554
6900	0.660	-3.612
6950	0.657	-3.655
7000	0.654	-3.684
7050	0.653	-3.705
7100	0.649	-3.757
7150	0.646	-3.798
7200	0.643	-3.835
7250	0.642	-3.848
7300	0.638	-3.900
7350	0.635	-3.942
7400	0.631	-3.997
7450	0.628	-4.043
7500	0.626	-4.074
7550	0.624	-4.102
7600	0.620	-4.157
7650	0.617	-4.193
7700	0.613	-4.252
7750	0.618	-4.179
7800	0.615	-4.220
7850	0.612	-4.259
7900	0.607	-4.335
7950	0.604	-4.376
8000	0.601	-4.420
8050	0.597	-4.481
8100	0.596	-4.500
8150	0.592	-4.550
8200	0.588	-4.610
8250	0.586	-4.642
8300	0.582	-4.709
8350	0.581	-4.723
8400	0.578	-4.765
8450	0.573	-4.844
8500	0.572	-4.848
8550	0.567	-4.921
8600	0.567	-4.931
8650	0.562	-5.012
8700	0.560	-5.040
8750	0.557	-5.077
8800	0.554	-5.123
8850	0.551	-5.172
8900	0.547	-5.235
8950	0.546	-5.258
9000	0.544	-5.296
9050	0.542	-5.313
9100	0.537	-5.397
9150	0.535	-5.432
9200	0.534	-5.454
9250	0.529	-5.539
9300	0.528	-5.549
9350	0.526	-5.588
9400	0.523	-5.630
9450	0.519	-5.702
9500	0.517	-5.722
9550	0.515	-5.756
9600	0.513	-5.804
9650	0.511	-5.835
9700	0.506	-5.912
9750	0.505	-5.929
9800	0.503	-5.976
9850	0.501	-6.003
9900	0.498	-6.048
9950	0.496	-6.084
10000	0.492	-6.163
  Hz	 Vrms	dBV
1000	0.071	-22.937
1050	0.075	-22.485
1100	0.079	-22.039
1150	0.083	-21.577
1200	0.087	-21.175
1250	0.092	-20.749
1300	0.096	-20.367
1350	0.101	-19.945
1400	0.105	-19.538
1450	0.110	-19.150
1500	0.115	-18.758
1550	0.120	-18.409
1600	0.125	-18.027
1650	0.130	-17.693
1700	0.136	-17.341
1750	0.141	-17.005
1800	0.147	-16.646
1850	0.153	-16.285
1900	0.159	-15.965
1950	0.166	-15.606
2000	0.172	-15.273
2050	0.179	-14.937
2100	0.185	-14.638
2150	0.194	-14.226
2200	0.201	-13.916
2250	0.211	-13.529
2300	0.218	-13.235
2350	0.227	-12.886
2400	0.235	-12.589
2450	0.246	-12.194
2500	0.255	-11.875
2550	0.266	-11.499
2600	0.278	-11.129
2650	0.290	-10.745
2700	0.302	-10.397
2750	0.316	-10.018
2800	0.328	-9.672
2850	0.344	-9.276
2900	0.360	-8.878
2950	0.377	-8.484
3000	0.395	-8.071
3050	0.412	-7.708
3100	0.431	-7.303
3150	0.451	-6.916
3200	0.473	-6.510
3250	0.496	-6.092
3300	0.517	-5.731
3350	0.541	-5.340
3400	0.564	-4.979
3450	0.586	-4.643
3500	0.606	-4.350
3550	0.629	-4.031
3600	0.648	-3.773
3650	0.663	-3.566
3700	0.678	-3.374
3750	0.691	-3.216
3800	0.698	-3.120
3850	0.703	-3.061
3900	0.704	-3.055
3950	0.702	-3.072
4000	0.698	-3.129
4050	0.689	-3.239
4100	0.677	-3.382
4150	0.668	-3.501
4200	0.655	-3.675
4250	0.641	-3.865
4300	0.626	-4.068
4350	0.612	-4.261
4400	0.595	-4.503
4450	0.581	-4.720
4500	0.567	-4.933
4550	0.551	-5.179
4600	0.538	-5.382
4650	0.523	-5.632
4700	0.508	-5.881
4750	0.495	-6.106
4800	0.483	-6.317
4850	0.470	-6.551
4900	0.460	-6.742
4950	0.448	-6.966
5000	0.437	-7.187
5050	0.426	-7.405
5100	0.417	-7.591
5150	0.406	-7.834
5200	0.398	-7.998
5250	0.388	-8.232
5300	0.382	-8.368
5350	0.372	-8.594
5400	0.362	-8.815
5450	0.358	-8.922
5500	0.350	-9.126
5550	0.342	-9.307
5600	0.336	-9.462
5650	0.329	-9.661
5700	0.322	-9.838
5750	0.316	-10.007
5800	0.311	-10.137
5850	0.307	-10.260
5900	0.301	-10.415
5950	0.295	-10.601
6000	0.291	-10.724
6050	0.286	-10.874
6100	0.281	-11.022
6150	0.275	-11.202
6200	0.272	-11.309
6250	0.268	-11.447
6300	0.263	-11.592
6350	0.261	-11.674
6400	0.256	-11.840
6450	0.252	-11.965
6500	0.248	-12.113
6550	0.245	-12.225
6600	0.240	-12.378
6650	0.239	-12.437
6700	0.235	-12.564
6750	0.232	-12.706
6800	0.228	-12.839
6850	0.226	-12.915
6900	0.223	-13.024
6950	0.219	-13.180
7000	0.217	-13.261
7050	0.215	-13.342
7100	0.213	-13.450
7150	0.209	-13.592
7200	0.207	-13.669
7250	0.205	-13.780
7300	0.203	-13.833
7350	0.200	-13.975
7400	0.198	-14.068
7450	0.196	-14.167
7500	0.194	-14.247
7550	0.193	-14.296
7600	0.190	-14.432
7650	0.187	-14.542
7700	0.186	-14.627
7750	0.184	-14.701
7800	0.182	-14.796
7850	0.181	-14.828
7900	0.178	-14.976
7950	0.176	-15.077
8000	0.174	-15.165
8050	0.174	-15.206
8100	0.172	-15.277
8150	0.170	-15.376
8200	0.169	-15.459
8250	0.167	-15.540
8300	0.165	-15.643
8350	0.164	-15.700
8400	0.163	-15.771
8450	0.161	-15.859
8500	0.160	-15.893
8550	0.159	-15.963
8600	0.158	-16.015
8650	0.156	-16.147
8700	0.154	-16.234
8750	0.153	-16.309
8800	0.152	-16.374
8850	0.151	-16.420
8900	0.150	-16.494
8950	0.149	-16.521
9000	0.148	-16.596
9050	0.147	-16.682
9100	0.145	-16.767
9150	0.144	-16.829
9200	0.142	-16.937
9250	0.142	-16.959
9300	0.141	-17.043
9350	0.140	-17.077
9400	0.139	-17.109
9450	0.138	-17.192
9500	0.137	-17.249
9550	0.136	-17.338
9600	0.135	-17.378
9650	0.134	-17.477
9700	0.133	-17.550
9750	0.132	-17.615
9800	0.131	-17.685
9850	0.130	-17.702
9900	0.129	-17.776
9950	0.129	-17.822
10000	0.128	-17.835
  Hz	 Vrms	dBV
1000	0.015	-36.281
1050	0.016	-35.774
1100	0.017	-35.327
1150	0.018	-34.860
1200	0.019	-34.427
1250	0.020	-34.028
1300	0.021	-33.610
1350	0.022	-33.203
1400	0.023	-32.794
1450	0.024	-32.452
1500	0.025	-32.041
1550	0.026	-31.677
1600	0.027	-31.284
1650	0.028	-30.929
1700	0.030	-30.567
1750	0.031	-30.229
1800	0.032	-29.852
1850	0.033	-29.512
1900	0.035	-29.127
1950	0.036	-28.776
2000	0.038	-28.448
2050	0.039	-28.075
2100	0.041	-27.709
2150	0.043	-27.360
2200	0.045	-26.985
2250	0.047	-26.595
2300	0.049	-26.281
2350	0.051	-25.899
2400	0.053	-25.540
2450	0.055	-25.131
2500	0.058	-24.746
2550	0.060	-24.391
2600	0.063	-23.967
2650	0.067	-23.531
2700	0.070	-23.137
2750	0.073	-22.694
2800	0.077	-22.232
2850	0.081	-21.807
2900	0.086	-21.340
2950	0.090	-20.880
3000	0.096	-20.319
3050	0.102	-19.844
3100	0.109	-19.253
3150	0.117	-18.629
3200	0.125	-18.040
3250	0.134	-17.433
3300	0.145	-16.791
3350	0.157	-16.090
3400	0.170	-15.367
3450	0.187	-14.564
3500	0.204	-13.797
3550	0.222	-13.066
3600	0.236	-12.558
3650	0.265	-11.519
3700	0.286	-10.885
3750	0.312	-10.114
3800	0.320	-9.887
3850	0.328	-9.695
3900	0.327	-9.715
3950	0.315	-10.032
4000	0.300	-10.471
4050	0.288	-10.798
4100	0.270	-11.387
4150	0.252	-11.978
4200	0.236	-12.550
4250	0.220	-13.158
4300	0.206	-13.717
4350	0.195	-14.206
4400	0.183	-14.730
4450	0.174	-15.190
4500	0.165	-15.639
4550	0.158	-16.052
4600	0.150	-16.474
4650	0.143	-16.909
4700	0.137	-17.275
4750	0.131	-17.649
4800	0.127	-17.936
4850	0.121	-18.343
4900	0.118	-18.596
4950	0.114	-18.882
5000	0.109	-19.276
5050	0.106	-19.473
5100	0.103	-19.745
5150	0.099	-20.046
5200	0.097	-20.300
5250	0.094	-20.557
5300	0.091	-20.818
5350	0.089	-21.038
5400	0.087	-21.225
5450	0.084	-21.491
5500	0.082	-21.698
5550	0.080	-21.944
5600	0.078	-22.137
5650	0.077	-22.314
5700	0.075	-22.545
5750	0.073	-22.680
5800	0.072	-22.891
5850	0.070	-23.076
5900	0.069	-23.255
5950	0.067	-23.442
6000	0.066	-23.607
6050	0.065	-23.738
6100	0.064	-23.914
6150	0.062	-24.090
6200	0.061	-24.257
6250	0.060	-24.381
6300	0.060	-24.497
6350	0.058	-24.705
6400	0.057	-24.814
6450	0.057	-24.943
6500	0.055	-25.129
6550	0.055	-25.218
6600	0.054	-25.393
6650	0.053	-25.482
6700	0.052	-25.627
6750	0.052	-25.744
6800	0.051	-25.899
6850	0.050	-25.983
6900	0.049	-26.127
6950	0.049	-26.281
7000	0.048	-26.347
7050	0.047	-26.491
7100	0.047	-26.595
7150	0.046	-26.689
7200	0.046	-26.821
7250	0.045	-26.937
7300	0.045	-27.014
7350	0.044	-27.136
7400	0.043	-27.254
7450	0.043	-27.334
7500	0.042	-27.434
7550	0.042	-27.495
7600	0.042	-27.614
7650	0.041	-27.689
7700	0.041	-27.817
7750	0.040	-27.903
7800	0.040	-28.002
7850	0.040	-28.041
7900	0.039	-28.153
7950	0.039	-28.240
8000	0.038	-28.339
8050	0.038	-28.435
8100	0.038	-28.514
8150	0.037	-28.605
8200	0.037	-28.671
8250	0.036	-28.754
8300	0.036	-28.845
8350	0.036	-28.906
8400	0.035	-29.016
8450	0.035	-29.110
8500	0.035	-29.166
8550	0.034	-29.249
8600	0.034	-29.341
8650	0.034	-29.406
8700	0.034	-29.461
8750	0.033	-29.527
8800	0.033	-29.612
8850	0.033	-29.680
8900	0.033	-29.757
8950	0.032	-29.842
9000	0.032	-29.896
9050	0.032	-29.953
9100	0.032	-30.030
9150	0.031	-30.111
9200	0.031	-30.168
9250	0.031	-30.216
9300	0.030	-30.319
9350	0.030	-30.380
9400	0.030	-30.449
9450	0.030	-30.497
9500	0.030	-30.541
9550	0.029	-30.608
9600	0.029	-30.693
9650	0.029	-30.753
9700	0.029	-30.839
9750	0.029	-30.883
9800	0.028	-30.935
9850	0.028	-30.970
9900	0.028	-31.059
9950	0.028	-31.135
10000	0.028	-31.157
