
TIME STEP:
125 = 1ms

VOLTAGE STEP:
CH1:  32 = 0.15V
CH2:  32 = 0.15V

N	CH1	CH2

0	128	27
1	128	27
2	128	27
3	128	27
4	128	27
5	128	27
6	128	27
7	128	27
8	128	27
9	128	27
10	128	27
11	128	27
12	128	27
13	128	27
14	128	27
15	128	27
16	128	27
17	128	27
18	127	26
19	128	27
20	128	28
21	128	28
22	128	27
23	128	27
24	128	28
25	128	28
26	128	27
27	128	27
28	128	27
29	128	27
30	128	27
31	128	27
32	128	27
33	128	27
34	128	27
35	128	27
36	128	27
37	128	27
38	128	27
39	128	27
40	129	27
41	129	27
42	128	27
43	128	27
44	128	28
45	128	28
46	128	28
47	128	27
48	128	27
49	128	27
50	128	28
51	128	28
52	128	27
53	128	27
54	129	28
55	129	28
56	128	28
57	128	27
58	128	27
59	128	27
60	128	27
61	128	27
62	128	28
63	128	28
64	128	28
65	127	27
66	128	27
67	128	27
68	128	27
69	128	27
70	128	28
71	128	28
72	128	27
73	128	27
74	128	27
75	128	27
76	128	27
77	129	27
78	129	28
79	129	27
80	128	27
81	128	27
82	128	27
83	128	27
84	128	27
85	128	27
86	128	27
87	128	27
88	128	27
89	128	27
90	128	27
91	128	27
92	128	27
93	128	27
94	128	28
95	128	28
96	128	27
97	128	27
98	128	27
99	128	28
100	128	28
101	128	27
102	128	27
103	128	27
104	128	27
105	128	27
106	128	27
107	128	28
108	128	28
109	128	27
110	128	27
111	128	27
112	128	27
113	128	27
114	128	27
115	128	28
116	128	28
117	128	28
118	128	27
119	128	27
120	128	27
121	128	27
122	128	27
123	128	28
124	128	28
125	128	27
126	128	28
127	128	28
128	128	28
129	128	28
130	128	28
131	127	28
132	128	28
133	128	27
134	128	28
135	128	28
136	127	27
137	128	27
138	128	28
139	128	28
140	128	28
141	128	28
142	128	28
143	128	27
144	128	27
145	128	27
146	128	28
147	128	28
148	128	27
149	128	28
150	128	28
151	128	28
152	128	27
153	128	27
154	128	27
155	129	28
156	128	28
157	128	27
158	128	28
159	129	28
160	129	28
161	128	28
162	128	28
163	128	27
164	129	28
165	129	28
166	129	28
167	129	28
168	128	28
169	128	28
170	128	28
171	128	27
172	128	28
173	129	28
174	129	28
175	128	28
176	128	28
177	128	28
178	128	28
179	128	28
180	128	28
181	128	28
182	128	28
183	128	28
184	128	28
185	128	28
186	128	28
187	128	28
188	128	28
189	128	28
190	128	27
191	128	27
192	128	27
193	128	28
194	128	28
195	128	28
196	128	28
197	128	28
198	128	28
199	128	28
200	128	28
201	128	28
202	128	28
203	128	28
204	128	28
205	128	28
206	128	28
207	129	28
208	129	28
209	128	28
210	129	28
211	129	28
212	128	28
213	128	28
214	129	28
215	129	28
216	128	28
217	128	28
218	128	28
219	128	28
220	128	27
221	128	27
222	128	28
223	128	28
224	128	28
225	128	28
226	128	28
227	128	28
228	128	28
229	128	28
230	128	28
231	128	28
232	128	28
233	128	28
234	127	27
235	128	28
236	128	28
237	128	28
238	128	28
239	128	28
240	128	28
241	128	28
242	128	28
243	128	28
244	128	28
245	128	28
246	128	28
247	128	28
248	128	28
249	128	28
250	129	28
251	129	28
252	128	27
253	128	28
254	128	28
255	128	28
256	128	27
257	128	28
258	128	28
259	128	28
260	129	28
261	129	27
262	129	28
263	129	28
264	129	28
265	128	28
266	129	28
267	129	28
268	129	28
269	128	28
270	128	28
271	128	28
272	128	28
273	128	28
274	128	28
275	128	28
276	129	28
277	129	28
278	129	28
279	128	28
280	128	28
281	128	27
282	128	28
283	128	28
284	128	28
285	128	28
286	128	28
287	128	28
288	128	28
289	128	28
290	128	28
291	128	28
292	128	28
293	128	28
294	128	28
295	128	28
296	128	28
297	128	28
298	128	28
299	128	28
300	128	28
301	128	28
302	128	28
303	128	28
304	128	28
305	128	28
306	128	28
307	128	27
308	128	27
309	128	27
310	129	28
311	129	28
312	128	28
313	128	28
314	128	28
315	128	28
316	128	28
317	128	28
318	129	28
319	129	28
320	128	28
321	129	28
322	129	28
323	128	28
324	128	28
325	128	27
326	128	28
327	128	28
328	129	28
329	129	28
330	128	28
331	128	28
332	128	28
333	128	28
334	129	28
335	129	28
336	128	28
337	129	28
338	129	28
339	128	28
340	128	28
341	128	28
342	128	28
343	128	28
344	128	28
345	129	28
346	129	28
347	129	28
348	128	28
349	128	28
350	129	28
351	129	28
352	128	28
353	128	28
354	128	28
355	128	28
356	128	28
357	128	28
358	128	28
359	128	28
360	129	28
361	129	28
362	128	28
363	128	28
364	128	28
365	127	27
366	129	27
367	129	28
368	128	27
369	127	26
370	255	228
371	255	227
372	255	227
373	246	227
374	229	227
375	215	228
376	202	228
377	192	229
378	185	230
379	176	230
380	168	229
381	163	229
382	159	229
383	154	230
384	152	230
385	148	230
386	145	230
387	143	230
388	142	230
389	140	231
390	139	231
391	138	231
392	136	231
393	136	230
394	135	230
395	134	230
396	133	231
397	133	231
398	132	231
399	132	231
400	132	231
401	131	230
402	131	231
403	131	231
404	130	231
405	130	231
406	130	231
407	130	231
408	129	230
409	130	231
410	130	231
411	130	231
412	130	231
413	130	230
414	129	230
415	129	230
416	129	231
417	129	231
418	129	231
419	129	231
420	129	231
421	129	231
422	129	231
423	129	231
424	130	231
425	130	231
426	130	230
427	128	231
428	129	231
429	129	231
430	129	231
431	129	231
432	129	231
433	129	231
434	129	231
435	129	231
436	129	231
437	129	231
438	129	231
439	129	231
440	129	231
441	129	231
442	129	231
443	129	231
444	128	231
445	129	231
446	129	231
447	129	231
448	129	231
449	129	231
450	129	231
451	129	231
452	129	231
453	129	231
454	129	231
455	129	231
456	129	231
457	129	231
458	129	231
459	129	230
460	129	231
461	129	231
462	129	231
463	129	231
464	129	231
465	129	231
466	129	231
467	129	231
468	128	231
469	129	231
470	129	231
471	129	231
472	129	231
473	129	231
474	128	230
475	128	231
476	129	231
477	129	231
478	129	231
479	129	231
480	129	231
481	129	231
482	129	231
483	129	231
484	129	231
485	129	231
486	129	231
487	129	231
488	129	231
489	129	231
490	128	231
491	129	231
492	129	231
493	129	231
494	129	231
495	129	231
496	129	231
497	128	231
498	129	231
499	129	231
500	129	231
501	129	231
502	129	231
503	129	230
504	129	231
505	129	231
506	129	231
507	129	231
508	129	231
509	129	231
510	129	231
511	129	231
512	129	231
513	128	231
514	129	231
515	129	231
516	129	230
517	129	231
518	129	231
519	129	231
520	129	231
521	129	230
522	129	230
523	129	230
524	129	231
525	129	231
526	129	231
527	128	231
528	129	231
529	129	231
530	129	231
531	129	231
532	128	230
533	128	231
534	129	231
535	129	231
536	129	230
537	129	231
538	129	231
539	129	231
540	129	230
541	129	231
542	129	231
543	129	231
544	129	231
545	129	232
546	129	231
547	128	231
548	128	231
549	128	231
550	129	231
551	129	231
552	129	231
553	129	231
554	129	231
555	129	231
556	129	231
557	128	230
558	129	231
559	129	231
560	128	231
561	129	231
562	129	231
563	128	231
564	129	231
565	129	230
566	129	231
567	129	231
568	128	230
569	128	230
570	128	231
571	128	231
572	128	231
573	128	231
574	128	231
575	128	231
576	128	231
577	129	231
578	129	231
579	129	231
580	129	231
581	128	231
582	129	231
583	129	231
584	129	231
585	129	231
586	129	231
587	128	231
588	128	231
589	129	231
590	129	231
591	128	231
592	128	229
593	128	230
594	129	230
595	129	230
596	128	230
597	129	230
598	129	230
599	129	230
600	127	231
601	128	231
602	128	231
603	128	231
604	129	230
605	129	230
606	128	230
607	129	230
608	129	230
609	129	230
610	129	230
611	128	231
612	129	231
613	129	231
614	129	231
615	129	230
616	129	231
617	128	231
618	128	231
619	129	231
620	129	231
621	128	231
622	128	231
623	128	231
624	129	231
625	129	231
626	129	230
627	129	230
628	128	230
629	128	231
630	128	231
631	128	230
632	128	230
633	128	230
634	129	230
635	129	230
636	128	230
637	128	230
638	128	230
639	129	231
640	129	231
641	128	231
642	128	230
643	128	230
644	128	230
645	129	231
646	129	231
647	128	230
648	129	230
649	129	230
650	129	230
651	129	231
652	128	231
653	128	231
654	128	231
655	129	231
656	129	231
657	129	231
658	128	231
659	129	231
660	129	231
661	128	231
662	129	230
663	129	230
664	129	230
665	129	230
666	129	230
667	129	230
668	129	231
669	129	231
670	129	230
671	129	231
672	128	231
673	128	231
674	129	231
675	129	230
676	129	230
677	128	230
678	128	230
679	128	230
680	128	230
681	128	230
682	128	230
683	128	230
684	128	230
685	128	230
686	128	230
687	128	230
688	128	230
689	128	230
690	128	230
691	128	230
692	128	229
693	128	229
694	129	229
695	129	230
696	129	230
697	128	230
698	128	230
699	128	230
700	129	230
701	129	230
702	129	230
703	128	230
704	129	230
705	129	230
706	128	230
707	129	230
708	129	230
709	129	230
710	129	230
711	129	230
712	129	230
713	128	230
714	128	230
715	129	230
716	129	230
717	129	230
718	128	230
719	129	230
720	129	230
721	129	230
722	128	230
723	128	230
724	128	230
725	128	230
726	128	230
727	128	230
728	128	230
729	128	231
730	129	231
731	129	230
732	128	231
733	128	231
734	128	230
735	128	230
736	128	230
737	128	230
738	128	230
739	128	230
740	128	230
741	128	231
742	128	231
743	128	231
744	128	230
745	129	230
746	129	230
747	129	230
748	128	230
749	127	229
750	129	230
751	129	230
752	129	230
753	128	230
754	128	230
755	128	230
756	128	230
757	128	230
758	128	230
759	128	230
760	129	230
761	129	230
762	129	230
763	128	230
764	129	230
765	129	230
766	128	230
767	129	230
768	129	230
769	128	230
770	128	230
771	128	230
772	128	230
773	128	230
774	128	230
775	129	230
776	129	230
777	129	230
778	128	230
779	128	230
780	128	230
781	128	230
782	128	230
783	128	230
784	128	230
785	129	230
786	129	230
787	129	230
788	129	230
789	128	230
790	129	229
791	129	230
792	128	230
793	128	230
794	129	230
795	129	230
796	129	230
797	129	229
798	129	230
799	129	230
800	129	230
801	128	230
802	128	230
803	128	230
804	128	230
805	128	230
806	128	230
807	129	230
808	129	230
809	129	230
810	129	230
811	129	230
812	129	230
813	128	230
814	128	230
815	129	230
816	129	230
817	128	230
818	128	230
819	129	230
820	129	230
821	128	230
822	128	230
823	129	230
824	129	230
825	129	230
826	129	230
827	129	230
828	128	230
829	128	229
830	128	230
831	128	230
832	128	229
833	128	230
834	128	230
835	129	230
836	129	230
837	129	230
838	128	230
839	129	230
840	129	230
841	129	230
842	128	230
843	128	230
844	129	230
845	129	230
846	129	230
847	129	230
848	128	230
849	128	230
850	128	230
851	128	230
852	128	230
853	129	230
854	129	230
855	129	230
856	129	230
857	128	230
858	127	230
859	129	230
860	129	230
861	128	230
862	129	230
863	129	230
864	128	230
865	128	230
866	128	230
867	128	230
868	129	230
869	129	230
870	129	230
871	129	230
872	129	229
873	128	230
874	128	230
875	129	230
876	129	230
877	128	230
878	128	231
879	128	230
880	128	230
881	128	230
882	128	229
883	128	230
884	128	230
885	129	230
886	129	230
887	129	230
888	128	230
889	129	230
890	129	230
891	129	230
892	129	230
893	128	229
894	128	230
895	129	230
896	129	230
897	128	230
898	129	230
899	129	230
900	129	230
901	129	230
902	129	230
903	129	230
904	128	230
905	128	230
906	128	229
907	128	230
908	128	230
909	128	230
910	129	230
911	129	230
912	128	230
913	128	230
914	128	230
915	128	230
916	128	230
917	128	230
918	128	230
919	128	230
920	128	230
921	128	230
922	128	230
923	128	230
924	128	230
925	128	229
926	129	229
927	129	230
928	129	230
929	128	230
930	128	230
931	128	230
932	129	230
933	129	230
934	128	229
935	128	230
936	128	230
937	128	230
938	128	230
939	128	230
940	129	230
941	129	230
942	129	229
943	128	229
944	128	229
945	128	230
946	128	230
947	128	230
948	128	229
949	129	230
950	129	230
951	128	229
952	128	230
953	128	230
954	128	229
955	128	229
956	129	230
957	129	230
958	128	230
959	129	229
960	129	230
961	129	230
962	129	230
963	128	230
964	128	230
965	128	230
966	128	229
967	128	230
968	128	230
969	129	230
970	129	230
971	129	230
972	129	230
973	128	230
974	128	229
975	128	229
976	128	229
977	129	230
978	129	230
979	129	230
980	129	230
981	129	230
982	129	230
983	128	230
984	129	230
985	129	230
986	129	230
987	128	230
988	128	230
989	129	230
990	129	230
991	128	230
992	128	229
993	128	230
994	128	230
995	0	35
996	0	31
997	0	31
998	9	30
999	26	30
1000	41	30
1001	53	29
1002	64	29
1003	73	29
1004	81	29
1005	88	28
1006	93	28
1007	97	28
1008	102	28
1009	105	28
1010	109	28
1011	111	27
1012	113	27
1013	115	27
1014	117	27
1015	118	27
1016	120	27
1017	121	27
1018	121	27
1019	122	27
1020	123	27
1021	124	27
1022	124	27
1023	125	27
1024	125	27
1025	125	27
1026	126	27
1027	127	27
1028	126	27
1029	126	27
1030	126	27
1031	126	27
1032	126	26
1033	127	27
1034	127	27
1035	127	27
1036	127	27
1037	127	27
1038	127	27
1039	127	27
1040	127	27
1041	127	26
1042	127	26
1043	127	26
1044	128	27
1045	128	27
1046	128	27
1047	128	27
1048	128	27
1049	128	27
1050	128	27
1051	128	27
1052	128	27
1053	128	27
1054	128	27
1055	128	27
1056	128	27
1057	128	27
1058	128	27
1059	128	27
1060	128	27
1061	128	27
1062	128	27
1063	128	27
1064	128	27
1065	128	27
1066	128	27
1067	128	27
1068	128	27
1069	128	27
1070	128	28
1071	128	27
1072	128	27
1073	128	27
1074	128	27
1075	128	27
1076	128	27
1077	127	27
1078	128	27
1079	128	27
1080	128	27
1081	128	27
1082	128	27
1083	127	27
1084	128	27
1085	128	27
1086	128	27
1087	127	26
1088	128	27
1089	128	27
1090	128	26
1091	128	27
1092	128	27
1093	128	27
1094	127	27
1095	128	27
1096	128	27
1097	128	27
1098	128	27
1099	128	27
1100	128	27
1101	128	27
1102	128	27
1103	128	26
1104	128	27
1105	128	27
1106	128	27
1107	128	27
1108	128	27
1109	128	27
1110	128	26
1111	128	27
1112	128	27
1113	128	27
1114	128	27
1115	128	27
1116	128	27
1117	128	27
1118	127	26
1119	128	27
1120	128	27
1121	128	27
1122	128	26
1123	128	27
1124	128	27
1125	129	26
1126	129	27
1127	128	27
1128	128	27
1129	128	27
1130	128	27
1131	128	27
1132	128	27
1133	128	27
1134	128	26
1135	128	27
1136	128	27
1137	128	27
1138	128	27
1139	128	27
1140	128	27
1141	127	26
1142	127	27
1143	127	27
1144	128	27
1145	128	27
1146	128	27
1147	128	27
1148	128	27
1149	128	27
1150	128	27
1151	128	27
1152	128	26
1153	128	27
1154	128	27
1155	128	27
1156	128	27
1157	128	27
1158	127	27
1159	128	27
1160	128	27
1161	128	27
1162	128	27
1163	128	27
1164	128	27
1165	128	27
1166	128	27
1167	128	27
1168	128	27
1169	128	27
1170	128	27
1171	128	27
1172	128	27
1173	128	27
1174	128	27
1175	128	27
1176	128	27
1177	128	27
1178	128	26
1179	128	27
1180	128	27
1181	128	27
1182	129	27
1183	128	27
1184	128	27
1185	128	27
1186	128	27
1187	128	27
1188	128	28
1189	128	26
1190	128	27
1191	129	27
1192	129	27
1193	128	27
1194	128	27
1195	128	27
1196	128	27
1197	128	27
1198	128	27
1199	128	27
1200	128	27
1201	128	27
1202	128	27
1203	128	27
1204	128	27
1205	128	27
1206	128	27
1207	128	27
1208	128	27
1209	128	27
1210	128	27
1211	128	27
1212	128	27
1213	128	27
1214	128	27
1215	128	27
1216	128	27
1217	128	26
1218	128	27
1219	128	27
1220	129	27
1221	129	27
1222	128	27
1223	128	27
1224	128	27
1225	128	27
1226	128	27
1227	128	27
1228	128	27
1229	128	27
1230	128	27
1231	128	27
1232	128	27
1233	128	27
1234	128	27
1235	129	27
1236	129	27
1237	128	27
1238	128	27
1239	128	27
1240	128	27
1241	128	27
1242	128	27
1243	128	27
1244	128	27
1245	128	27
1246	128	27
1247	129	28
1248	130	27
1249	129	27
1250	129	27
1251	128	27
1252	128	27
1253	128	27
1254	128	27
1255	128	27
1256	128	27
1257	128	27
1258	128	27
1259	128	27
1260	128	27
1261	128	27
1262	128	27
1263	128	27
1264	128	27
1265	128	27
1266	128	26
1267	128	27
1268	128	27
1269	128	27
1270	129	27
1271	129	27
1272	128	27
1273	128	27
1274	129	27
1275	129	27
1276	128	27
1277	128	27
1278	128	27
1279	128	27
1280	129	27
1281	129	27
1282	129	28
1283	128	28
1284	129	27
1285	129	28
1286	128	27
1287	129	27
1288	129	28
1289	128	28
1290	128	27
1291	128	27
1292	128	27
1293	128	27
1294	128	27
1295	128	27
1296	128	27
1297	128	28
1298	128	27
1299	128	27
1300	128	27
1301	128	27
1302	128	27
1303	128	27
1304	128	27
1305	128	28
1306	128	28
1307	128	28
1308	128	27
1309	128	27
1310	128	27
1311	128	27
1312	129	28
1313	128	27
1314	128	27
1315	128	27
1316	128	26
1317	128	27
1318	128	27
1319	128	27
1320	128	27
1321	128	28
1322	128	28
1323	127	28
1324	128	28
1325	128	28
1326	128	27
1327	128	27
1328	128	27
1329	128	27
1330	128	27
1331	128	27
1332	128	27
1333	128	27
1334	128	27
1335	128	27
1336	128	27
1337	128	27
1338	128	27
1339	128	27
1340	128	27
1341	128	28
1342	128	28
1343	128	28
1344	128	28
1345	128	28
1346	128	27
1347	128	27
1348	128	26
1349	128	27
1350	128	27
1351	128	27
1352	128	27
1353	128	27
1354	128	27
1355	128	28
1356	128	28
1357	128	27
1358	128	28
1359	128	28
1360	128	27
1361	128	27
1362	128	27
1363	128	27
1364	128	27
1365	128	28
1366	128	28
1367	128	28
1368	128	28
1369	128	27
1370	129	27
1371	129	27
1372	128	27
1373	128	27
1374	129	28
1375	129	28
1376	129	27
1377	128	27
1378	128	27
1379	129	27
1380	129	28
1381	129	28
1382	129	28
1383	129	27
1384	128	27
1385	128	27
1386	128	27
1387	127	27
1388	128	27
1389	128	27
1390	128	28
1391	128	27
1392	128	27
1393	128	27
1394	129	28
1395	129	28
1396	128	27
1397	128	28
1398	128	28
1399	128	27
1400	128	28
1401	128	28
1402	128	28
1403	128	28
1404	128	28
1405	128	28
1406	128	28
1407	128	28
1408	129	28
1409	129	28
1410	128	27
1411	128	28
1412	128	28
1413	128	27
1414	128	27
1415	128	27
1416	128	28
1417	128	28
1418	127	28
1419	128	27
1420	128	27
1421	128	27
1422	128	28
1423	128	27
1424	128	27
1425	128	28
1426	128	28
1427	128	27
1428	128	27
1429	128	27
1430	128	27
1431	128	28
1432	128	28
1433	128	27
1434	128	28
1435	128	28
1436	128	27
1437	128	27
1438	128	27
1439	128	28
1440	128	28
1441	128	28
1442	127	28
1443	128	28
1444	128	28
1445	128	28
1446	128	27
1447	128	28
1448	128	28
1449	128	28
1450	128	28
1451	128	28
1452	128	28
1453	128	28
1454	128	28
1455	128	27
1456	128	28
1457	128	28
1458	128	28
1459	128	28
1460	128	28
1461	128	28
1462	128	28
1463	129	28
1464	127	28
1465	128	28
1466	128	28
1467	128	28
1468	128	28
1469	128	28
1470	128	28
1471	128	28
1472	128	27
1473	128	28
1474	128	28
1475	128	28
1476	128	28
1477	128	28
1478	129	28
1479	129	28
1480	128	28
1481	128	27
1482	128	28
1483	128	28
1484	129	28
1485	129	28
1486	129	27
1487	128	28
1488	128	28
1489	128	28
1490	129	28
1491	129	28
1492	129	28
1493	129	28
1494	129	28
1495	128	28
1496	128	28
1497	128	27
1498	128	27
1499	128	27
1500	128	27
1501	130	29
1502	129	28
1503	128	28
1504	128	28
1505	128	28
1506	128	28
1507	129	28
1508	129	28
1509	128	28
1510	128	28
1511	129	28
1512	129	28
1513	128	28
1514	128	28
1515	129	27
1516	128	28
1517	129	28
1518	129	28
1519	129	27
1520	129	28
1521	129	28
1522	128	28
1523	128	28
1524	128	28
1525	128	28
1526	128	28
1527	128	28
1528	128	27
1529	128	27
1530	128	28
1531	128	28
1532	128	28
1533	128	28
1534	128	28
1535	128	28
1536	128	28
1537	128	27
1538	128	27
1539	128	27
1540	128	28
1541	128	28
1542	128	28
1543	128	27
1544	128	28
1545	128	28
1546	128	28
1547	128	28
1548	128	28
1549	128	28
1550	128	28
1551	128	28
1552	128	28
1553	128	28
1554	128	28
1555	128	28
1556	128	28
1557	129	28
1558	128	28
1559	128	28
1560	128	28
1561	128	27
1562	128	28
1563	128	28
1564	128	28
1565	128	27
1566	128	28
1567	128	28
1568	128	28
1569	128	28
1570	129	28
1571	129	28
1572	128	28
1573	128	28
1574	128	28
1575	128	28
1576	128	28
1577	128	28
1578	128	28
1579	129	28
1580	129	28
1581	129	27
1582	128	28
1583	128	28
1584	128	28
1585	128	28
1586	128	27
1587	128	28
1588	129	28
1589	129	28
1590	129	28
1591	129	28
1592	128	28
1593	128	28
1594	128	28
1595	128	28
1596	129	28
1597	129	28
1598	128	28
1599	128	28
1600	128	28
1601	128	28
1602	128	28
1603	128	28
1604	128	28
1605	128	28
1606	128	28
1607	128	28
1608	128	28
1609	128	28
1610	129	28
1611	130	29
1612	128	28
1613	128	28
1614	129	28
1615	129	28
1616	128	28
1617	128	28
1618	128	28
1619	128	28
1620	255	227
1621	255	226
1622	255	227
1623	246	227
1624	229	227
1625	215	227
1626	202	228
1627	192	228
1628	183	228
1629	175	229
1630	169	229
1631	163	230
1632	159	230
1633	156	230
1634	151	230
1635	149	231
1636	144	231
1637	144	230
1638	142	230
1639	140	230
1640	139	231
1641	137	231
1642	137	231
1643	136	231
1644	134	231
1645	134	231
1646	133	231
1647	132	231
1648	132	231
1649	132	231
1650	131	230
1651	132	231
1652	132	231
1653	131	231
1654	131	231
1655	131	231
1656	131	231
1657	130	231
1658	130	231
1659	130	231
1660	130	231
1661	130	231
1662	130	231
1663	130	231
1664	129	231
1665	130	231
1666	130	231
1667	130	231
1668	130	231
1669	130	230
1670	129	231
1671	129	231
1672	129	231
1673	129	231
1674	129	231
1675	128	230
1676	129	231
1677	130	231
1678	130	231
1679	129	231
1680	129	231
1681	129	231
1682	129	231
1683	129	231
1684	129	230
1685	129	230
1686	129	231
1687	129	231
1688	129	231
1689	129	231
1690	129	231
1691	129	231
1692	129	231
1693	129	231
1694	129	231
1695	129	231
1696	129	231
1697	129	231
1698	129	230
1699	129	231
1700	128	231
1701	128	231
1702	128	231
1703	129	231
1704	129	231
1705	129	231
1706	129	231
1707	129	231
1708	129	231
1709	129	231
1710	129	231
1711	129	231
1712	129	231
1713	129	231
1714	129	231
1715	129	231
1716	129	231
1717	129	231
1718	129	230
1719	129	231
1720	129	231
1721	129	231
1722	129	230
1723	129	231
1724	130	231
1725	130	232
1726	130	232
1727	129	231
1728	129	231
1729	129	231
1730	129	231
1731	128	231
1732	129	231
1733	129	230
1734	129	231
1735	128	231
1736	129	231
1737	129	231
1738	129	231
1739	129	231
1740	129	231
1741	128	231
1742	129	231
1743	129	231
1744	129	231
1745	128	231
1746	129	231
1747	129	231
1748	129	231
1749	129	231
1750	128	231
1751	129	231
1752	129	231
1753	129	231
1754	129	231
1755	129	231
1756	129	231
1757	129	231
1758	129	231
1759	129	230
1760	129	231
1761	129	231
1762	129	231
1763	129	231
1764	128	230
1765	129	231
1766	128	231
1767	129	231
1768	129	230
1769	129	231
1770	129	231
1771	129	231
1772	129	231
1773	129	230
1774	129	231
1775	129	231
1776	128	231
1777	129	230
1778	129	230
1779	129	230
1780	129	231
1781	129	231
1782	128	231
1783	128	231
1784	129	230
1785	129	231
1786	129	231
1787	129	231
1788	129	231
1789	129	231
1790	128	231
1791	128	231
1792	128	230
1793	128	231
1794	129	231
1795	129	231
1796	129	230
1797	129	230
1798	129	230
1799	129	231
1800	129	231
1801	129	231
1802	129	231
1803	128	231
1804	128	230
1805	129	231
1806	129	231
1807	129	230
1808	128	229
1809	129	231
1810	129	232
1811	129	231
1812	129	231
1813	129	231
1814	129	231
1815	129	231
1816	129	231
1817	129	231
1818	129	230
1819	129	231
1820	129	231
1821	129	231
1822	129	230
1823	128	229
1824	129	231
1825	129	231
1826	129	231
1827	129	231
1828	129	231
1829	129	231
1830	129	231
1831	129	231
1832	129	231
1833	129	231
1834	127	230
1835	129	230
1836	129	230
1837	129	230
1838	129	230
1839	128	231
1840	128	231
1841	129	231
1842	129	231
1843	129	230
1844	129	230
1845	129	230
1846	129	231
1847	129	231
1848	128	231
1849	128	231
1850	128	231
1851	128	230
1852	129	231
1853	129	231
1854	128	230
1855	128	231
1856	128	231
1857	129	231
1858	129	230
1859	129	231
1860	128	231
1861	129	231
1862	129	231
1863	129	230
1864	129	230
1865	128	230
1866	129	231
1867	129	231
1868	129	230
1869	129	230
1870	129	230
1871	129	230
1872	128	230
1873	129	230
1874	129	230
1875	129	230
1876	129	231
1877	129	231
1878	128	231
1879	129	231
1880	129	231
1881	129	231
1882	129	231
1883	129	230
1884	129	230
1885	129	231
1886	129	231
1887	128	231
1888	129	230
1889	129	230
1890	129	230
1891	129	230
1892	129	230
1893	128	230
1894	129	230
1895	129	230
1896	129	231
1897	129	231
1898	129	230
1899	129	231
1900	129	231
1901	128	230
1902	128	230
1903	128	230
1904	128	230
1905	128	231
1906	129	231
1907	129	231
1908	129	230
1909	129	231
1910	128	231
1911	129	230
1912	129	230
1913	129	230
1914	129	230
1915	129	230
1916	129	230
1917	129	230
1918	129	230
1919	127	230
1920	128	230
1921	128	231
1922	129	231
1923	129	230
1924	129	231
1925	128	231
1926	128	230
1927	128	230
1928	128	230
1929	129	230
1930	129	230
1931	129	230
1932	129	230
1933	129	230
1934	128	230
1935	128	230
1936	128	230
1937	128	230
1938	128	230
1939	128	231
1940	128	231
1941	128	230
1942	129	230
1943	129	230
1944	128	230
1945	129	231
1946	129	231
1947	129	230
1948	128	230
1949	128	230
1950	129	230
1951	129	230
1952	128	230
1953	129	230
1954	129	230
1955	129	230
1956	129	230
1957	128	231
1958	129	231
1959	129	231
1960	129	230
1961	129	230
1962	129	230
1963	129	230
1964	129	230
1965	129	230
1966	128	230
1967	128	230
1968	128	230
1969	129	230
1970	129	230
1971	128	230
1972	129	230
1973	129	230
1974	128	230
1975	128	230
1976	128	230
1977	128	230
1978	128	230
1979	129	231
1980	129	231
1981	129	230
1982	128	230
1983	128	229
1984	128	230
1985	128	230
1986	129	230
1987	129	230
1988	128	229
1989	129	230
1990	129	230
1991	129	230
1992	128	230
1993	129	230
1994	129	230
1995	129	230
1996	129	230
1997	129	230
1998	129	230
1999	129	230
2000	129	230
2001	129	230
2002	129	230
2003	129	230
2004	129	230
2005	129	230
2006	129	230
2007	128	230
2008	129	230
2009	129	230
2010	129	230
2011	129	230
2012	129	230
2013	129	230
2014	129	230
2015	129	230
2016	128	230
2017	128	230
2018	128	229
2019	128	230
2020	128	230
2021	128	230
2022	129	230
2023	129	230
2024	128	230
2025	128	230
2026	129	230
2027	129	230
2028	128	229
2029	128	230
2030	128	230
2031	129	230
2032	129	230
2033	129	230
2034	129	230
2035	129	230
2036	128	230
2037	128	230
2038	128	230
2039	129	230
2040	129	230
2041	129	230
2042	129	230
2043	129	230
2044	129	230
2045	129	230
2046	128	230
2047	128	230
2048	129	230
2049	129	230
2050	129	230
2051	128	230
2052	129	230
2053	129	230
2054	129	230
2055	128	230
2056	128	230
2057	128	230
2058	128	229
2059	129	230
2060	129	230
2061	129	230
2062	129	230
2063	129	230
2064	128	230
2065	128	230
2066	129	230
2067	129	230
2068	128	230
2069	128	230
2070	128	230
2071	129	230
2072	129	230
2073	128	230
2074	128	230
2075	129	230
2076	129	230
2077	128	230
2078	128	230
2079	128	230
2080	128	230
2081	129	230
2082	129	230
2083	129	230
2084	129	230
2085	129	230
2086	128	230
2087	129	230
2088	129	229
2089	129	230
2090	128	230
2091	128	230
2092	128	229
2093	128	230
2094	128	230
2095	128	230
2096	129	230
2097	129	230
2098	128	230
2099	128	230
2100	128	230
2101	129	230
2102	128	230
2103	128	230
2104	128	230
2105	127	229
2106	129	230
2107	129	230
2108	129	230
2109	129	230
2110	129	230
2111	129	230
2112	129	230
2113	128	230
2114	128	229
2115	128	230
2116	129	230
2117	129	230
2118	128	230
2119	129	230
2120	129	230
2121	129	230
2122	129	230
2123	129	230
2124	129	230
2125	128	230
2126	128	230
2127	128	230
2128	129	230
2129	129	230
2130	128	230
2131	128	230
2132	128	230
2133	128	229
2134	128	229
2135	128	229
2136	129	230
2137	129	230
2138	129	230
2139	129	230
2140	128	230
2141	129	230
2142	129	230
2143	129	230
2144	128	230
2145	128	229
2146	128	228
2147	128	229
2148	128	230
2149	128	230
2150	129	230
2151	129	230
2152	129	230
2153	129	230
2154	129	229
2155	129	230
2156	129	230
2157	128	230
2158	128	230
2159	128	230
2160	129	230
2161	129	230
2162	129	230
2163	129	230
2164	128	230
2165	128	230
2166	129	230
2167	129	230
2168	128	230
2169	128	230
2170	128	230
2171	128	230
2172	128	230
2173	128	230
2174	128	230
2175	129	230
2176	129	230
2177	128	230
2178	128	230
2179	128	230
2180	128	230
2181	128	230
2182	129	230
2183	129	230
2184	128	230
2185	128	230
2186	128	230
2187	129	230
2188	129	230
2189	128	230
2190	128	230
2191	128	230
2192	128	230
2193	128	229
2194	128	230
2195	128	230
2196	128	230
2197	129	230
2198	129	230
2199	129	230
2200	127	230
2201	128	229
2202	129	230
2203	129	230
2204	129	230
2205	129	230
2206	128	230
2207	129	230
2208	129	231
2209	129	230
2210	129	230
2211	128	230
2212	129	230
2213	129	230
2214	129	230
2215	129	229
2216	129	230
2217	129	230
2218	129	230
2219	129	230
2220	129	230
2221	128	230
2222	128	230
2223	128	230
2224	129	230
2225	129	230
2226	128	230
2227	128	230
2228	128	230
2229	128	230
2230	129	230
2231	129	230
2232	129	230
2233	128	229
2234	128	230
2235	128	230
2236	129	230
2237	129	230
2238	129	230
2239	129	230
2240	128	230
2241	128	230
2242	128	230
2243	128	229
2244	128	229
2245	0	35
2246	0	31
2247	0	31
2248	10	30
2249	26	30
2250	41	30
2251	52	28
2252	64	29
2253	73	29
2254	81	29
2255	87	28
2256	93	28
2257	98	28
2258	102	28
2259	106	28
2260	109	28
2261	111	28
2262	114	28
2263	115	27
2264	117	27
2265	118	27
2266	119	27
2267	121	27
2268	121	27
2269	122	27
2270	123	27
2271	123	27
2272	124	27
2273	124	27
2274	125	26
2275	125	27
2276	125	27
2277	126	27
2278	126	27
2279	126	27
2280	126	27
2281	126	27
2282	127	27
2283	127	27
2284	127	27
2285	127	27
2286	127	27
2287	127	27
2288	127	27
2289	127	27
2290	127	27
2291	127	27
2292	127	27
2293	127	27
2294	128	27
2295	128	27
2296	128	27
2297	128	27
2298	128	26
2299	128	27
2300	128	27
2301	128	27
2302	128	27
2303	128	27
2304	128	27
2305	128	27
2306	128	26
2307	128	27
2308	128	27
2309	128	27
2310	128	27
2311	128	27
2312	128	27
2313	128	27
2314	128	26
2315	128	27
2316	128	27
2317	128	27
2318	128	27
2319	128	27
2320	128	27
2321	128	27
2322	128	27
2323	128	27
2324	128	27
2325	128	27
2326	128	27
2327	128	27
2328	128	27
2329	127	27
2330	128	27
2331	128	27
2332	128	27
2333	127	28
2334	128	27
2335	128	27
2336	128	27
2337	128	27
2338	128	27
2339	128	27
2340	128	27
2341	128	27
2342	128	27
2343	128	27
2344	128	27
2345	128	27
2346	128	27
2347	128	27
2348	128	27
2349	128	27
2350	128	27
2351	127	25
2352	128	27
2353	128	27
2354	128	27
2355	128	27
2356	128	27
2357	128	27
2358	128	27
2359	128	28
2360	128	27
2361	128	27
2362	128	27
2363	128	27
2364	128	27
2365	128	26
2366	127	27
2367	127	27
2368	127	27
2369	128	27
2370	129	28
2371	128	27
2372	128	27
2373	128	27
2374	128	27
2375	128	27
2376	128	27
2377	128	27
2378	128	28
2379	128	27
2380	128	27
2381	128	27
2382	128	27
2383	128	27
2384	128	27
2385	128	27
2386	128	27
2387	128	27
2388	128	26
2389	128	26
2390	128	27
2391	128	27
2392	128	27
2393	128	27
2394	128	27
2395	128	27
2396	128	27
2397	127	26
2398	129	27
2399	129	27
2400	128	27
2401	128	27
2402	128	27
2403	128	27
2404	128	27
2405	128	27
2406	128	27
2407	128	27
2408	128	27
2409	128	27
2410	128	27
2411	128	27
2412	127	27
2413	127	26
2414	128	27
2415	128	27
2416	128	27
2417	128	27
2418	128	27
2419	128	27
2420	128	27
2421	128	27
2422	128	27
2423	127	27
2424	128	27
2425	128	27
2426	128	27
2427	128	27
2428	128	27
2429	128	27
2430	128	27
2431	128	27
2432	128	27
2433	128	27
2434	128	27
2435	128	27
2436	128	27
2437	128	27
2438	128	27
2439	128	27
2440	128	27
2441	128	27
2442	128	27
2443	128	27
2444	128	27
2445	127	27
2446	128	27
2447	128	27
2448	128	27
2449	128	27
2450	128	27
2451	128	27
2452	128	27
2453	128	27
2454	128	27
2455	128	27
2456	128	27
2457	128	27
2458	128	27
2459	128	27
2460	128	27
2461	128	27
2462	128	27
2463	128	27
2464	128	27
2465	128	27
2466	128	27
2467	128	27
2468	128	27
2469	128	27
2470	128	27
2471	128	27
2472	128	27
2473	128	27
2474	128	27
2475	128	27
2476	128	27
2477	128	27
2478	128	27
2479	128	27
2480	129	27
2481	129	27
2482	128	27
2483	128	27
2484	128	27
2485	128	27
2486	128	27
2487	128	27
2488	128	27
2489	128	27
2490	128	27
2491	128	26
2492	129	27
2493	129	28
2494	128	28
2495	128	27
2496	128	27
2497	127	26
2498	128	27
2499	128	27
2500	128	26
2501	128	27
2502	128	27
2503	128	27
2504	128	27
2505	128	27
2506	128	27
2507	128	27
2508	128	27
2509	128	26
2510	128	27
2511	128	27
2512	128	27
2513	128	27
2514	128	27
2515	128	28
2516	128	28
2517	128	28
2518	129	28
2519	129	28
2520	128	28
2521	128	27
2522	128	27
2523	128	27
2524	128	27
2525	128	27
2526	128	27
2527	127	27
2528	128	27
2529	128	27
2530	128	28
2531	128	28
2532	128	27
2533	128	27
2534	128	27
2535	128	27
2536	128	27
2537	128	27
2538	128	27
2539	128	27
2540	128	27
2541	128	27
2542	127	27
2543	128	27
2544	128	27
2545	128	27
2546	128	27
2547	128	27
2548	128	27
2549	128	27
2550	128	27
2551	129	28
2552	129	28
2553	129	27
2554	128	27
2555	128	27
2556	128	27
2557	128	27
2558	128	27
2559	128	27
2560	128	27
2561	128	28
2562	128	28
2563	128	28
2564	128	28
2565	128	27
2566	128	28
2567	128	28
2568	128	27
2569	128	28
2570	128	27
2571	129	28
2572	129	28
2573	128	27
2574	128	27
2575	128	27
2576	128	28
2577	128	28
2578	128	28
2579	128	27
2580	128	28
2581	128	28
2582	128	28
2583	128	28
2584	128	29
2585	128	28
2586	128	28
2587	128	28
2588	128	27
2589	128	27
2590	128	27
2591	128	27
2592	128	27
2593	128	27
2594	128	27
2595	128	27
2596	128	27
2597	128	27
2598	128	27
2599	128	27
2600	128	27
2601	128	27
2602	128	27
2603	128	27
2604	128	27
2605	128	28
2606	128	28
2607	128	27
2608	128	27
2609	128	27
2610	127	28
2611	128	28
2612	128	28
2613	128	27
2614	128	27
2615	128	28
2616	129	28
2617	129	28
2618	128	28
2619	128	27
2620	128	28
2621	128	28
2622	128	28
2623	128	28
2624	128	27
2625	128	27
2626	128	27
2627	128	27
2628	128	26
2629	128	27
2630	128	27
2631	128	28
2632	128	28
2633	128	28
2634	128	28
2635	128	27
2636	128	27
2637	128	27
2638	128	27
2639	128	27
2640	128	27
2641	128	28
2642	128	28
2643	128	28
2644	128	27
2645	128	28
2646	128	28
2647	128	28
2648	128	28
2649	128	28
2650	128	28
2651	128	28
2652	128	28
2653	127	28
2654	129	27
2655	129	27
2656	128	27
2657	128	28
2658	128	28
2659	128	28
2660	128	27
2661	128	28
2662	128	28
2663	128	28
2664	128	27
2665	127	27
2666	129	28
2667	129	28
2668	128	27
2669	128	27
2670	128	27
2671	128	28
2672	128	28
2673	128	27
2674	128	28
2675	128	28
2676	128	28
2677	128	28
2678	128	28
2679	128	27
2680	128	27
2681	128	27
2682	128	28
2683	128	28
2684	128	27
2685	128	28
2686	128	28
2687	128	27
2688	128	27
2689	128	27
2690	128	28
2691	128	28
2692	128	29
2693	128	28
2694	128	28
2695	128	27
2696	128	28
2697	128	28
2698	128	27
2699	128	28
2700	128	28
2701	128	28
2702	128	28
2703	128	28
2704	128	27
2705	129	27
2706	129	27
2707	128	28
2708	128	28
2709	128	28
2710	128	28
2711	128	27
2712	128	28
2713	128	28
2714	129	28
2715	129	28
2716	129	28
2717	129	28
2718	128	27
2719	128	28
2720	128	28
2721	128	28
2722	128	27
2723	128	28
2724	128	28
2725	128	28
2726	127	27
2727	128	27
2728	128	27
2729	128	27
2730	128	28
2731	128	28
2732	128	28
2733	128	28
2734	128	28
2735	128	28
2736	129	28
2737	129	28
2738	129	27
2739	128	28
2740	128	28
2741	128	28
2742	128	28
2743	128	28
2744	128	28
2745	128	28
2746	129	28
2747	129	28
2748	128	28
2749	128	28
2750	128	27
2751	128	28
2752	128	28
2753	128	28
2754	128	28
2755	128	28
2756	130	28
2757	129	28
2758	128	28
2759	128	28
2760	128	27
2761	127	28
2762	128	28
2763	128	28
2764	128	28
2765	128	28
2766	128	28
2767	128	28
2768	128	28
2769	128	28
2770	129	28
2771	129	28
2772	129	28
2773	128	28
2774	128	28
2775	128	28
2776	128	28
2777	128	28
2778	128	28
2779	128	28
2780	129	27
2781	129	28
2782	129	28
2783	128	28
2784	128	28
2785	128	27
2786	128	28
2787	128	28
2788	128	28
2789	128	28
2790	128	28
2791	127	27
2792	128	27
2793	128	28
2794	128	28
2795	128	29
2796	128	28
2797	128	28
2798	128	27
2799	128	28
2800	128	28
2801	128	28
2802	128	28
2803	128	28
2804	128	28
2805	128	28
2806	129	28
2807	129	28
2808	128	28
2809	128	28
2810	128	28
2811	128	28
2812	128	28
2813	127	27
2814	128	28
2815	128	28
2816	128	28
2817	128	28
2818	128	28
2819	128	28
2820	128	28
2821	128	28
2822	128	28
2823	128	28
2824	128	28
2825	128	28
2826	128	28
2827	128	28
2828	128	28
2829	128	28
2830	128	28
2831	127	27
2832	128	28
2833	128	28
2834	127	27
2835	128	29
2836	128	29
2837	128	28
2838	128	28
2839	128	28
2840	128	28
2841	128	28
2842	128	28
2843	128	28
2844	128	28
2845	128	28
2846	128	28
2847	128	28
2848	128	28
2849	128	28
2850	128	28
2851	128	28
2852	128	28
2853	128	27
2854	128	27
2855	127	27
2856	128	28
2857	128	28
2858	128	28
2859	128	28
2860	128	28
2861	128	28
2862	128	28
2863	128	28
2864	129	28
2865	129	28
2866	129	28
2867	128	28
2868	128	28
2869	128	28
2870	255	227
2871	255	226
2872	255	227
2873	246	227
2874	229	228
2875	215	228
2876	202	228
2877	192	228
2878	183	229
2879	173	229
2880	169	229
2881	164	230
2882	159	230
2883	154	230
2884	151	230
2885	148	230
2886	146	230
2887	144	230
2888	141	230
2889	140	230
2890	138	231
2891	137	231
2892	136	230
2893	135	231
2894	135	231
2895	134	231
2896	133	231
2897	134	231
2898	132	231
2899	132	231
2900	132	231
2901	131	231
2902	131	230
2903	131	231
2904	131	231
2905	131	231
2906	130	231
2907	130	231
2908	130	231
2909	130	230
2910	129	231
2911	130	231
2912	130	231
2913	129	231
2914	130	231
2915	130	231
2916	129	231
2917	130	231
2918	130	231
2919	130	231
2920	130	231
2921	129	231
2922	129	231
2923	129	231
2924	129	231
2925	129	231
2926	129	231
2927	130	231
2928	130	231
2929	129	231
2930	129	231
2931	129	231
2932	129	230
2933	129	231
2934	129	231
2935	129	231
2936	129	231
2937	129	231
2938	129	231
2939	129	231
2940	129	231
2941	128	231
2942	129	231
2943	129	231
2944	128	231
2945	129	231
2946	129	231
2947	129	231
2948	129	231
2949	129	231
2950	129	231
2951	129	231
2952	129	231
2953	129	231
2954	129	231
2955	129	231
2956	128	231
2957	129	231
2958	129	231
2959	129	231
2960	129	231
2961	129	231
2962	129	231
2963	129	231
2964	129	231
2965	129	231
2966	129	231
2967	129	231
2968	129	231
2969	129	231
2970	129	231
2971	129	231
2972	129	231
2973	129	231
2974	128	231
2975	129	231
2976	129	231
2977	129	231
2978	128	231
2979	129	231
2980	129	231
2981	129	231
2982	129	231
2983	129	231
2984	129	231
2985	129	231
2986	129	231
2987	129	231
2988	129	231
2989	129	231
2990	129	231
2991	129	230
2992	129	231
2993	129	231
2994	128	230
2995	128	230
2996	129	231
2997	129	231
2998	128	231
2999	128	231
3000	128	231
3001	128	231
3002	129	230
3003	129	231
3004	129	231
3005	129	230
3006	129	231
3007	129	231
3008	128	231
3009	127	230
3010	128	231
3011	129	231
3012	129	231
3013	129	231
3014	129	231
3015	129	231
3016	129	230
3017	129	231
3018	128	231
3019	129	230
3020	129	231
3021	129	231
3022	129	230
3023	128	231
3024	129	231
3025	129	231
3026	129	231
3027	129	231
3028	128	230
3029	129	231
3030	129	231
3031	129	231
3032	129	231
3033	129	230
3034	129	231
3035	128	231
3036	129	231
3037	129	231
3038	129	231
3039	129	231
3040	129	231
3041	129	231
3042	129	231
3043	128	231
3044	129	230
3045	129	230
3046	129	231
3047	129	231
3048	129	231
3049	128	230
3050	129	231
3051	129	231
3052	129	231
3053	129	230
3054	129	231
3055	129	231
3056	129	231
3057	129	231
3058	129	230
3059	129	231
3060	129	231
3061	129	230
3062	129	231
3063	129	231
3064	129	230
3065	129	231
3066	128	231
3067	129	231
3068	129	231
3069	129	231
3070	128	230
3071	129	231
3072	129	231
3073	129	231
3074	128	231
3075	129	230
3076	129	231
3077	129	231
3078	128	230
3079	128	230
3080	128	230
3081	129	231
3082	129	231
3083	128	231
3084	128	231
3085	129	231
3086	129	231
3087	129	231
3088	129	230
3089	128	231
3090	129	231
3091	129	231
3092	129	231
3093	129	231
3094	128	230
3095	128	231
3096	129	231
3097	129	231
3098	128	231
3099	129	231
3100	129	230
3101	128	231
3102	128	231
3103	128	231
3104	128	231
3105	129	231
3106	129	231
3107	128	231
3108	128	231
3109	129	231
3110	129	231
3111	129	230
3112	129	231
3113	128	231
3114	129	230
3115	129	230
3116	128	231
3117	128	231
3118	128	231
3119	129	231
3120	129	230
3121	129	231
3122	129	231
3123	129	230
3124	128	231
3125	128	231
3126	129	231
3127	129	230
3128	128	230
3129	129	230
3130	129	231
3131	129	231
3132	129	230
3133	128	231
3134	129	231
3135	129	231
3136	129	231
3137	129	231
3138	129	230
3139	129	230
3140	128	230
3141	129	230
3142	129	231
3143	129	231
3144	129	231
3145	128	231
3146	129	230
3147	129	230
3148	128	230
3149	128	230
3150	128	230
3151	129	230
3152	129	231
3153	128	231
3154	129	231
3155	129	230
3156	129	230
3157	129	231
3158	128	231
3159	129	230
3160	129	230
3161	129	230
3162	129	230
3163	128	230
3164	128	230
3165	128	230
3166	128	231
3167	128	231
3168	128	230
3169	130	231
3170	129	231
3171	129	231
3172	129	231
3173	128	231
3174	128	230
3175	128	230
3176	129	230
3177	128	230
3178	128	231
3179	129	231
3180	129	231
3181	128	230
3182	128	230
3183	128	230
3184	128	230
3185	128	230
3186	128	230
3187	128	230
3188	128	230
3189	128	230
3190	128	230
3191	128	230
3192	128	230
3193	128	230
3194	128	230
3195	128	230
3196	128	230
3197	128	230
3198	128	230
3199	128	230
3200	128	230
3201	129	230
3202	129	230
3203	128	231
3204	128	231
3205	128	230
3206	129	230
3207	129	230
3208	128	230
3209	128	230
3210	128	230
3211	128	230
3212	128	230
3213	128	230
3214	128	230
3215	128	230
3216	128	231
3217	128	231
3218	128	230
3219	129	230
3220	129	230
3221	128	230
3222	128	231
3223	128	231
3224	128	230
3225	129	230
3226	129	230
3227	128	229
3228	128	231
3229	128	231
3230	128	230
3231	129	230
3232	129	230
3233	128	230
3234	129	230
3235	129	230
3236	129	230
3237	128	230
3238	128	230
3239	128	230
3240	128	230
3241	129	230
3242	129	230
3243	128	230
3244	129	230
3245	129	230
3246	129	230
3247	129	230
3248	129	230
3249	128	230
3250	128	230
3251	129	230
3252	129	230
3253	129	230
3254	129	230
3255	129	230
3256	128	230
3257	128	230
3258	128	230
3259	128	230
3260	128	230
3261	128	230
3262	128	230
3263	128	230
3264	128	230
3265	128	230
3266	128	230
3267	128	230
3268	128	230
3269	128	230
3270	128	230
3271	128	230
3272	129	230
3273	129	230
3274	129	229
3275	128	230
3276	129	230
3277	129	230
3278	129	230
3279	128	229
3280	128	230
3281	129	230
3282	129	230
3283	129	230
3284	128	230
3285	128	230
3286	128	230
3287	128	229
3288	129	230
3289	129	230
3290	129	230
3291	129	230
3292	129	230
3293	129	230
3294	128	230
3295	129	230
3296	129	230
3297	129	230
3298	129	230
3299	129	230
3300	128	230
3301	128	229
3302	129	229
3303	129	230
3304	128	230
3305	128	230
3306	128	230
3307	128	230
3308	128	230
3309	128	229
3310	128	230
3311	129	230
3312	129	230
3313	129	230
3314	128	230
3315	128	230
3316	128	230
3317	129	230
3318	129	230
3319	129	230
3320	128	230
3321	129	230
3322	129	230
3323	128	230
3324	129	230
3325	129	230
3326	128	230
3327	128	230
3328	128	230
3329	128	230
3330	128	230
3331	129	230
3332	129	230
3333	128	230
3334	129	230
3335	129	230
3336	129	230
3337	129	230
3338	129	230
3339	129	230
3340	129	230
3341	128	230
3342	128	229
3343	128	230
3344	128	230
3345	128	230
3346	128	230
3347	128	230
3348	128	230
3349	128	230
3350	128	229
3351	129	230
3352	129	230
3353	128	230
3354	128	230
3355	128	229
3356	128	229
3357	128	230
3358	128	230
3359	129	230
3360	129	230
3361	128	230
3362	129	230
3363	129	230
3364	129	229
3365	128	230
3366	129	230
3367	129	230
3368	129	230
3369	129	230
3370	128	230
3371	129	230
3372	129	230
3373	129	230
3374	129	230
3375	128	230
3376	128	230
3377	128	230
3378	128	230
3379	128	230
3380	128	230
3381	128	230
3382	128	230
3383	128	230
3384	128	230
3385	128	230
3386	129	230
3387	129	230
3388	129	229
3389	129	230
3390	129	230
3391	129	230
3392	128	230
3393	128	230
3394	128	230
3395	128	230
3396	128	230
3397	128	230
3398	128	230
3399	129	230
3400	129	230
3401	128	230
3402	128	230
3403	129	230
3404	129	230
3405	128	230
3406	128	230
3407	128	230
3408	128	230
3409	128	230
3410	128	230
3411	129	230
3412	129	230
3413	129	230
3414	129	230
3415	128	230
3416	129	230
3417	129	230
3418	129	230
3419	128	230
3420	128	230
3421	127	230
3422	128	230
3423	128	230
3424	129	230
3425	129	230
3426	129	230
3427	129	230
3428	128	230
3429	128	230
3430	128	230
3431	129	230
3432	129	230
3433	128	230
3434	128	229
3435	128	230
3436	128	230
3437	128	230
3438	128	230
3439	129	230
3440	129	230
3441	128	230
3442	129	230
3443	129	229
3444	128	229
3445	128	229
3446	128	230
3447	128	230
3448	128	230
3449	128	230
3450	129	230
3451	129	230
3452	129	230
3453	129	230
3454	129	229
3455	128	229
3456	128	229
3457	128	230
3458	128	230
3459	129	230
3460	129	230
3461	129	230
3462	129	230
3463	128	230
3464	128	230
3465	128	230
3466	128	229
3467	128	229
3468	128	230
3469	128	230
3470	128	229
3471	128	230
3472	128	230
3473	128	229
3474	128	230
3475	128	230
3476	129	230
3477	129	230
3478	128	230
3479	128	229
3480	128	229
3481	128	230
3482	129	230
3483	129	230
3484	128	229
3485	128	230
3486	128	230
3487	128	230
3488	128	229
3489	128	230
3490	128	230
3491	128	230
3492	128	230
3493	128	230
3494	128	230
3495	0	35
3496	0	31
3497	0	31
3498	9	30
3499	27	30
3500	43	31
3501	54	29
3502	65	29
3503	73	29
3504	82	28
3505	87	27
3506	93	28
3507	98	28
3508	102	28
3509	106	28
3510	108	28
3511	111	28
3512	114	27
3513	115	27
3514	117	27
3515	118	27
3516	119	27
3517	121	27
3518	121	27
3519	122	27
3520	123	27
3521	124	27
3522	124	26
3523	124	27
3524	125	27
3525	125	27
3526	126	27
3527	126	27
3528	125	27
3529	126	27
3530	126	27
3531	126	27
3532	127	27
3533	127	27
3534	127	27
3535	126	27
3536	127	27
3537	127	27
3538	127	27
3539	127	27
3540	127	27
3541	127	27
3542	127	27
3543	127	27
3544	127	27
3545	127	27
3546	127	27
3547	127	27
3548	127	27
3549	127	27
3550	128	27
3551	128	27
3552	128	27
3553	128	27
3554	128	27
3555	128	27
3556	128	27
3557	128	27
3558	128	27
3559	128	27
3560	127	27
3561	128	27
3562	128	27
3563	127	27
3564	128	27
3565	128	27
3566	128	27
3567	128	27
3568	128	27
3569	128	27
3570	128	27
3571	128	27
3572	128	27
3573	128	27
3574	128	26
3575	128	27
3576	128	27
3577	128	27
3578	128	27
3579	128	27
3580	128	26
3581	128	27
3582	128	27
3583	128	27
3584	128	27
3585	128	27
3586	128	27
3587	128	27
3588	128	27
3589	128	27
3590	128	27
3591	128	27
3592	128	27
3593	128	27
3594	128	27
3595	128	27
3596	128	27
3597	128	27
3598	128	27
3599	128	27
3600	128	27
3601	128	27
3602	128	27
3603	128	27
3604	128	27
3605	129	27
3606	128	27
3607	128	27
3608	128	27
3609	128	27
3610	128	27
3611	128	27
3612	128	26
3613	128	27
3614	128	27
3615	128	27
3616	128	27
3617	128	27
3618	128	27
3619	128	27
3620	128	27
3621	128	27
3622	128	27
3623	128	27
3624	128	27
3625	128	27
3626	128	27
3627	128	27
3628	128	27
3629	128	27
3630	128	27
3631	128	26
3632	128	27
3633	127	27
3634	128	27
3635	128	27
3636	128	27
3637	128	27
3638	128	27
3639	128	27
3640	128	27
3641	128	27
3642	128	27
3643	128	27
3644	128	27
3645	128	27
3646	128	27
3647	128	27
3648	128	27
3649	129	27
3650	129	26
3651	128	27
3652	128	27
3653	129	27
3654	128	27
3655	128	27
3656	128	27
3657	128	27
3658	128	27
3659	128	27
3660	128	27
3661	128	27
3662	128	27
3663	128	27
3664	128	27
3665	128	27
3666	128	27
3667	128	27
3668	128	27
3669	128	27
3670	128	27
3671	128	27
3672	128	27
3673	128	27
3674	128	27
3675	127	27
3676	128	27
3677	128	27
3678	128	27
3679	128	27
3680	128	27
3681	128	27
3682	128	27
3683	128	27
3684	127	27
3685	128	27
3686	128	27
3687	128	27
3688	128	27
3689	128	27
3690	128	27
3691	128	27
3692	128	26
3693	128	27
3694	128	27
3695	128	27
3696	128	27
3697	128	27
3698	128	27
3699	128	27
3700	128	27
3701	128	27
3702	128	27
3703	128	27
3704	128	27
3705	128	27
3706	128	27
3707	128	27
3708	128	27
3709	128	27
3710	128	27
3711	128	27
3712	128	27
3713	128	27
3714	128	27
3715	128	27
3716	128	27
3717	128	27
3718	128	27
3719	128	27
3720	128	27
3721	128	27
3722	128	27
3723	128	27
3724	128	27
3725	128	27
3726	128	27
3727	128	27
3728	128	27
3729	128	27
3730	127	26
3731	128	27
3732	128	27
3733	128	27
3734	128	27
3735	128	27
3736	128	27
3737	128	27
3738	128	27
3739	128	27
3740	128	27
3741	128	27
3742	128	27
3743	127	27
3744	128	27
3745	128	27
3746	128	27
3747	128	27
3748	128	27
3749	128	27
3750	128	27
3751	128	27
3752	128	27
3753	129	27
3754	129	27
3755	128	27
3756	128	27
3757	128	27
3758	128	27
3759	128	27
3760	128	28
3761	129	28
3762	128	28
3763	128	27
3764	128	27
3765	128	27
3766	128	27
3767	128	27
3768	128	27
3769	128	27
3770	128	27
3771	128	27
3772	128	27
3773	128	27
3774	128	27
3775	128	27
3776	128	27
3777	128	27
3778	129	27
3779	129	27
3780	128	27
3781	128	27
3782	128	27
3783	128	27
3784	128	27
3785	128	27
3786	128	27
3787	129	27
3788	129	27
3789	128	27
3790	128	27
3791	128	27
3792	128	27
3793	128	27
3794	128	27
3795	128	27
3796	128	27
3797	128	27
3798	128	27
3799	128	27
3800	128	27
3801	128	27
3802	128	28
3803	128	28
3804	128	28
3805	128	27
3806	128	27
3807	128	27
3808	128	27
3809	128	27
3810	128	27
3811	128	27
3812	128	27
3813	127	27
3814	128	27
3815	128	27
3816	128	27
3817	129	27
3818	129	27
3819	128	27
3820	128	27
3821	128	27
3822	128	28
3823	128	28
3824	128	27
3825	128	27
3826	128	28
3827	128	27
3828	128	27
3829	128	27
3830	128	27
3831	128	27
3832	129	28
3833	128	27
3834	128	27
3835	128	27
3836	128	27
3837	128	28
3838	128	28
3839	129	27
3840	129	27
3841	128	28
3842	128	28
3843	128	28
3844	128	27
3845	128	27
3846	128	27
3847	128	27
3848	128	28
3849	129	29
3850	129	28
3851	129	28
3852	128	28
3853	129	28
3854	129	28
3855	128	28
3856	128	27
3857	128	27
3858	128	27
3859	128	27
3860	128	28
3861	128	28
3862	128	28
3863	128	28
3864	128	28
3865	128	27
3866	128	27
3867	128	28
3868	128	28
3869	128	28
3870	128	27
3871	128	28
3872	128	28
3873	128	27
3874	128	27
3875	128	27
3876	128	27
3877	128	27
3878	128	27
3879	128	28
3880	128	28
3881	128	28
3882	127	27
3883	128	27
3884	128	27
3885	128	27
3886	128	27
3887	128	27
3888	129	27
3889	128	27
3890	128	27
3891	128	28
3892	128	28
3893	128	28
3894	128	28
3895	128	28
3896	128	28
3897	128	28
3898	128	28
3899	128	28
3900	128	27
3901	128	27
3902	129	28
3903	129	28
3904	128	28
3905	128	28
3906	129	27
3907	129	28
3908	129	28
3909	128	27
3910	128	28
3911	129	28
3912	129	28
3913	129	28
3914	129	28
3915	128	28
3916	129	28
3917	129	28
3918	129	28
3919	129	27
3920	128	27
3921	128	27
3922	128	27
3923	128	28
3924	128	28
3925	128	28
3926	128	27
3927	128	27
3928	128	27
3929	128	27
3930	128	27
3931	128	28
3932	128	28
3933	129	28
3934	129	28
3935	128	28
3936	128	27
3937	128	27
3938	128	27
3939	128	26
3940	128	27
3941	128	27
3942	128	27
3943	128	27
3944	128	27
3945	128	27
3946	128	28
3947	128	28
3948	128	28
3949	127	27
3950	128	28
3951	128	28
3952	128	28
3953	128	28
3954	129	28
3955	129	29
3956	129	27
3957	128	26
3958	129	28
3959	129	27
3960	128	27
3961	128	27
3962	128	27
3963	128	27
3964	128	28
3965	128	28
3966	128	28
3967	128	28
3968	128	28
3969	128	28
3970	128	28
3971	128	28
3972	128	28
3973	129	28
3974	129	28
3975	128	28
3976	128	28
3977	128	28
3978	128	28
3979	128	28
3980	128	27
3981	128	28
3982	128	28
3983	128	28
3984	128	28
3985	128	27
3986	128	28
3987	128	28
3988	128	28
3989	128	28
3990	128	27
3991	128	28
3992	129	28
3993	129	28
3994	128	27
3995	128	28
3996	128	28
3997	128	28
3998	128	28
3999	128	28
4000	129	29
4001	129	29
4002	129	28
4003	129	27
4004	129	27
4005	127	27
4006	128	28
4007	128	28
4008	128	28
4009	128	28
4010	128	28
4011	128	28
4012	128	28
4013	128	28
4014	128	28
4015	128	28
4016	128	28
4017	128	28
4018	128	28
4019	128	28
4020	128	28
4021	128	28
4022	129	28
4023	129	28
4024	129	28
4025	128	28
4026	129	28
4027	129	28
4028	128	29
4029	128	28
4030	128	28
4031	128	28
4032	128	28
4033	128	28
4034	128	28
4035	128	28
4036	129	28
4037	129	28
4038	128	28
4039	128	28
4040	128	28
4041	128	28
4042	129	28
4043	129	28
4044	128	28
4045	128	28
4046	128	29
4047	128	29
4048	129	28
4049	129	28
4050	128	28
4051	128	28
4052	128	28
4053	128	28
4054	128	28
4055	128	28
4056	128	28
4057	128	28
4058	128	28
4059	128	28
4060	128	28
4061	129	28
4062	129	28
4063	129	28
4064	129	28
4065	128	28
4066	128	28
4067	128	28
4068	128	28
4069	128	28
4070	129	28
4071	129	28
4072	129	28
4073	128	28
4074	128	28
4075	128	28
4076	128	27
4077	128	28
4078	128	28
4079	128	28
4080	128	28
4081	128	28
4082	128	28
4083	128	28
4084	128	28
4085	128	28
4086	128	28
4087	128	28
4088	128	28
4089	128	28
4090	129	29
4091	128	28
4092	128	29
4093	129	28
4094	128	28
4095	129	28
