
TIME STEP:
125 = 1ms

VOLTAGE STEP:
CH1:  32 = 0.5V~
CH2:  32 = 0.5V~

N	CH1	CH2

0	148	104
1	148	97
2	145	84
3	139	66
4	129	46
5	118	26
6	105	8
7	93	0
8	82	0
9	76	0
10	74	0
11	75	8
12	82	24
13	92	41
14	105	57
15	119	70
16	132	77
17	144	79
18	152	78
19	157	72
20	157	65
21	156	57
22	152	52
23	147	51
24	144	54
25	142	62
26	142	75
27	145	89
28	150	103
29	156	116
30	162	125
31	167	126
32	168	124
33	168	113
34	163	97
35	154	78
36	141	57
37	127	38
38	112	22
39	98	11
40	87	7
41	79	7
42	77	16
43	78	26
44	84	39
45	93	52
46	103	61
47	114	67
48	124	67
49	131	64
50	135	58
51	136	50
52	136	42
53	133	37
54	131	36
55	128	39
56	129	49
57	131	63
58	137	81
59	145	99
60	155	117
61	165	131
62	174	139
63	180	140
64	183	135
65	182	124
66	176	108
67	166	89
68	152	71
69	137	55
70	122	42
71	109	35
72	98	34
73	92	38
74	90	45
75	91	54
76	95	64
77	102	70
78	109	72
79	115	71
80	119	65
81	121	56
82	121	44
83	118	33
84	114	24
85	110	21
86	108	22
87	108	30
88	111	44
89	117	63
90	128	83
91	140	103
92	153	122
93	167	135
94	177	143
95	185	143
96	188	137
97	187	126
98	181	112
99	171	96
100	159	83
101	146	72
102	133	66
103	123	65
104	115	67
105	110	74
106	109	82
107	111	89
108	114	94
109	118	94
110	121	91
111	121	82
112	121	69
113	117	54
114	111	39
115	104	26
116	97	16
117	91	15
118	88	18
119	89	28
120	94	44
121	103	64
122	116	85
123	130	104
124	146	121
125	160	132
126	172	136
127	179	136
128	182	131
129	182	121
130	177	109
131	170	98
132	160	90
133	150	87
134	142	88
135	135	92
136	131	100
137	131	110
138	132	119
139	135	125
140	138	125
141	139	123
142	139	113
143	135	99
144	129	81
145	120	62
146	109	44
147	98	30
148	88	22
149	81	21
150	77	24
151	78	36
152	83	53
153	93	70
154	106	89
155	121	105
156	136	117
157	149	124
158	159	125
159	166	122
160	168	116
161	168	107
162	164	100
163	158	95
164	152	94
165	147	98
166	144	105
167	143	117
168	145	130
169	148	143
170	153	152
171	157	156
172	160	156
173	160	149
174	157	136
175	150	118
176	140	98
177	127	78
178	113	60
179	100	47
180	88	39
181	79	39
182	75	44
183	76	55
184	81	69
185	90	85
186	101	98
187	114	108
188	126	114
189	136	114
190	144	113
191	147	106
192	148	98
193	147	92
194	144	88
195	141	88
196	138	93
197	138	104
198	140	119
199	145	136
200	152	151
201	161	166
202	168	177
203	175	179
204	178	178
205	178	169
206	173	154
207	164	136
208	152	117
209	137	97
210	122	82
211	108	72
212	96	68
213	87	69
214	83	75
215	84	85
216	88	95
217	95	105
218	104	113
219	113	116
220	120	115
221	126	110
222	128	101
223	128	92
224	127	84
225	123	78
226	121	77
227	119	82
228	120	92
229	124	107
230	131	127
231	141	147
232	153	165
233	165	181
234	175	191
235	183	192
236	187	190
237	187	181
238	183	166
239	174	150
240	161	133
241	147	118
242	133	107
243	120	102
244	110	101
245	103	105
246	100	113
247	101	122
248	104	129
249	109	134
250	114	134
251	118	131
252	120	122
253	120	110
254	117	97
255	113	85
256	107	75
257	102	70
258	99	71
259	98	80
260	101	93
261	108	111
262	119	135
263	134	157
264	149	175
265	163	188
266	175	195
267	184	195
268	187	190
269	187	179
270	181	166
271	173	153
272	162	143
273	150	135
274	140	133
275	131	134
276	125	139
277	122	147
278	122	155
279	124	162
280	127	165
281	130	164
282	130	158
283	129	146
284	125	131
285	119	114
286	110	97
287	101	84
288	93	74
289	86	73
290	82	76
291	83	88
292	88	103
293	98	122
294	111	143
295	126	161
296	141	175
297	155	184
298	166	187
299	174	187
300	176	180
301	176	171
302	172	162
303	165	154
304	158	150
305	150	150
306	144	154
307	140	162
308	139	172
309	140	183
310	143	193
311	147	199
312	150	199
313	150	194
314	148	182
315	143	165
316	135	147
317	124	128
318	111	109
319	99	95
320	88	87
321	80	86
322	76	90
323	76	101
324	81	117
325	90	133
326	103	150
327	116	164
328	130	173
329	142	177
330	151	177
331	157	171
332	158	165
333	158	157
334	155	152
335	150	151
336	146	152
337	144	158
338	143	169
339	145	184
340	149	199
341	155	213
342	162	223
343	167	226
344	170	226
345	170	217
346	166	204
347	158	185
348	147	165
349	133	145
350	118	128
351	103	116
352	92	110
353	83	110
354	79	116
355	79	125
356	83	138
357	91	151
358	101	161
359	112	168
360	122	170
361	130	169
362	135	163
363	137	155
364	137	148
365	135	141
366	132	140
367	130	142
368	129	150
369	131	162
370	136	179
371	143	197
372	152	215
373	162	231
374	172	241
375	179	243
376	183	242
377	183	232
378	179	218
379	170	200
380	157	181
381	143	164
382	128	151
383	114	143
384	103	141
385	95	142
386	91	149
387	91	157
388	95	167
389	100	174
390	108	178
391	114	178
392	119	173
393	122	165
394	122	153
395	120	143
396	116	133
397	112	128
398	109	128
399	108	133
400	110	146
401	115	162
402	124	183
403	136	203
404	149	223
405	162	238
406	174	247
407	183	248
408	188	246
409	188	236
410	183	223
411	175	207
412	163	193
413	150	181
414	137	173
415	126	170
416	117	171
417	112	178
418	110	185
419	110	193
420	114	199
421	118	200
422	121	199
423	122	191
424	122	180
425	119	165
426	114	150
427	107	136
428	99	126
429	93	121
430	89	122
431	89	131
432	92	145
433	100	163
434	112	184
435	126	204
436	141	222
437	155	234
438	168	241
439	177	241
440	182	237
441	182	228
442	179	217
443	171	207
444	162	198
445	152	192
446	143	191
447	136	195
448	132	202
449	130	212
450	131	221
451	134	227
452	136	229
453	139	228
454	139	221
455	136	207
456	131	190
457	122	171
458	112	153
459	101	138
460	91	127
461	82	124
462	78	126
463	77	135
464	81	150
465	89	167
466	101	186
467	115	202
468	130	216
469	144	224
470	155	226
471	163	225
472	167	219
473	167	211
474	164	203
475	159	197
476	153	195
477	147	196
478	144	203
479	142	213
480	143	226
481	146	239
482	150	249
483	155	255
484	159	255
485	159	250
486	157	239
487	151	222
488	142	203
489	130	182
490	117	163
491	103	148
492	90	139
493	81	137
494	75	140
495	74	149
496	78	161
497	86	177
498	97	190
499	109	202
500	121	209
501	132	210
502	140	209
503	145	203
504	146	196
505	146	188
506	144	183
507	140	182
508	137	185
509	137	194
510	138	207
511	142	223
512	148	240
513	156	255
514	164	255
515	171	255
516	175	255
517	175	255
518	173	251
519	166	233
520	154	213
521	141	193
522	125	177
523	111	164
524	98	157
525	88	157
526	83	161
527	82	170
528	85	181
529	92	191
530	100	199
531	108	203
532	116	203
533	123	199
534	126	191
535	126	181
536	126	171
537	123	165
538	120	163
539	117	164
540	117	173
541	120	186
542	127	204
543	136	224
544	146	243
545	158	255
546	169	255
547	178	255
548	184	255
549	184	255
550	182	252
551	174	236
552	163	219
553	149	202
554	135	191
555	122	183
556	111	182
557	103	183
558	99	189
559	98	197
560	101	205
561	105	211
562	111	211
563	115	210
564	118	202
565	118	191
566	116	177
567	112	163
568	107	152
569	101	146
570	97	145
571	96	150
572	98	161
573	104	178
574	113	198
575	125	218
576	140	238
577	154	254
578	167	255
579	177	255
580	183	255
581	184	255
582	182	243
583	175	229
584	165	217
585	153	207
586	142	200
587	132	199
588	124	202
589	120	208
590	119	217
591	120	225
592	122	230
593	126	230
594	127	227
595	127	217
596	125	203
597	120	186
598	113	169
599	104	153
600	95	141
601	87	134
602	82	134
603	81	141
604	82	153
605	89	170
606	100	190
607	114	209
608	130	226
609	145	238
610	157	245
611	167	245
612	172	240
613	173	232
614	171	223
615	166	213
616	159	206
617	151	203
618	144	204
619	139	210
620	136	219
621	136	230
622	138	240
623	142	248
624	145	249
625	147	247
626	147	239
627	144	225
628	137	207
629	127	186
630	115	167
631	102	150
632	91	138
633	81	132
634	74	133
635	73	141
636	75	153
637	82	168
638	93	184
639	106	200
640	120	211
641	133	218
642	144	219
643	151	217
644	155	211
645	155	202
646	154	195
647	150	190
648	145	189
649	142	193
650	140	201
651	140	213
652	143	228
653	148	242
654	155	254
655	160	255
656	165	255
657	166	255
658	165	246
659	159	230
660	150	210
661	137	189
662	123	169
663	108	153
664	95	144
665	84	141
666	77	143
667	76	150
668	77	160
669	83	172
670	92	184
671	103	193
672	114	197
673	123	197
674	130	193
675	133	186
676	134	177
677	133	169
678	130	163
679	127	162
680	126	167
681	126	177
682	129	191
683	135	209
684	144	227
685	153	243
686	163	255
687	172	255
688	178	255
689	179	255
690	178	244
691	171	227
692	161	208
693	147	190
694	132	174
695	118	161
696	105	155
697	95	154
698	89	157
699	88	165
700	89	174
701	94	183
702	100	188
703	107	189
704	113	187
705	117	180
706	118	169
707	118	157
708	115	147
709	111	138
710	107	135
711	104	136
712	104	144
713	108	157
714	115	176
715	125	196
716	138	216
717	151	233
718	164	245
719	175	250
720	182	250
721	184	243
722	183	231
723	176	216
724	166	200
725	154	186
726	141	175
727	128	169
728	118	168
729	111	171
730	107	177
731	106	185
732	108	192
733	111	195
734	115	195
735	118	190
736	118	180
737	117	166
738	113	151
739	107	135
740	100	122
741	93	113
742	87	111
743	85	115
744	86	125
745	91	141
746	101	160
747	114	180
748	129	199
749	144	214
750	158	224
751	168	226
752	176	225
753	178	218
754	177	207
755	172	196
756	164	185
757	154	177
758	144	172
759	136	173
760	130	178
761	127	186
762	127	194
763	128	203
764	131	208
765	134	208
766	134	203
767	134	192
768	130	176
769	124	158
770	114	139
771	104	121
772	93	107
773	83	98
774	76	97
775	73	101
776	74	113
777	80	129
778	90	147
779	104	164
780	118	179
781	133	189
782	146	195
783	156	195
784	162	191
785	163	183
786	163	174
787	159	166
788	153	161
789	147	160
790	142	164
791	139	171
792	139	182
793	141	195
794	144	207
795	149	215
796	153	217
797	155	216
798	155	207
799	152	193
800	145	174
801	134	153
802	121	133
803	107	115
804	93	101
805	82	94
806	74	93
807	71	99
808	72	110
809	77	124
810	87	137
811	98	150
812	111	159
813	123	164
814	133	164
815	139	159
816	143	152
817	143	144
818	142	137
819	139	133
820	135	133
821	133	138
822	134	150
823	136	162
824	141	179
825	148	194
826	157	208
827	164	217
828	170	218
829	172	215
830	172	204
831	167	188
832	158	169
833	145	149
834	131	130
835	115	115
836	101	103
837	90	99
838	82	100
839	79	106
840	80	116
841	84	126
842	91	135
843	100	141
844	109	142
845	116	141
846	121	135
847	123	125
848	123	115
849	121	105
850	118	99
851	115	98
852	114	103
853	115	114
854	120	129
855	127	148
856	138	167
857	149	184
858	161	199
859	171	207
860	179	207
861	182	203
862	182	192
863	176	177
864	167	159
865	154	142
866	140	127
867	126	116
868	113	111
869	104	110
870	97	114
871	95	120
872	95	128
873	99	135
874	104	138
875	109	138
876	114	132
877	115	123
878	115	110
879	112	96
880	107	83
881	101	73
882	96	68
883	93	69
884	93	77
885	97	90
886	104	108
887	115	129
888	129	149
889	144	166
890	157	179
891	169	185
892	178	185
893	182	180
894	182	169
895	177	156
896	168	143
897	158	131
898	146	122
899	135	117
900	126	118
901	119	122
902	116	129
903	116	137
904	118	143
905	121	145
906	124	145
907	124	138
908	124	126
909	121	111
910	114	93
911	106	75
912	97	60
913	88	50
914	82	46
915	78	48
916	78	57
917	82	73
918	91	90
919	104	110
920	119	129
921	134	143
922	148	152
923	160	154
924	168	154
925	172	147
926	172	138
927	168	128
928	161	119
929	153	113
930	146	112
931	140	114
932	136	122
933	134	131
934	135	142
935	138	151
936	141	156
937	144	156
938	145	152
939	144	140
940	139	123
941	131	104
942	120	84
943	108	64
944	95	49
945	84	39
946	75	37
947	71	39
948	71	49
949	75	63
950	84	79
951	96	94
952	110	108
953	124	117
954	136	121
955	146	121
956	152	117
957	154	109
958	154	101
959	151	94
960	146	90
961	142	91
962	139	97
963	138	107
964	140	120
965	144	135
966	150	148
967	156	157
968	161	161
969	165	161
970	165	152
971	162	139
972	154	120
973	144	99
974	130	79
975	115	61
976	100	47
977	88	39
978	79	38
979	74	42
980	73	51
981	77	63
982	85	75
983	95	86
984	106	92
985	116	94
986	124	93
987	130	87
988	133	79
989	133	70
990	131	63
991	128	59
992	125	60
993	125	67
994	126	79
995	131	94
996	138	112
997	147	130
998	157	145
999	167	155
1000	174	158
1001	179	157
1002	179	148
1003	175	133
1004	167	114
1005	155	95
1006	140	77
1007	125	62
1008	111	53
1009	99	49
1010	91	50
1011	86	55
1012	86	63
1013	89	72
1014	95	80
1015	102	83
1016	109	83
1017	114	78
1018	117	70
1019	117	58
1020	116	46
1021	112	36
1022	108	29
1023	105	28
1024	104	32
1025	105	43
1026	110	59
1027	119	79
1028	131	99
1029	144	118
1030	157	133
1031	169	143
1032	178	144
1033	184	142
1034	184	133
1035	181	119
1036	173	103
1037	161	88
1038	148	75
1039	135	66
1040	123	62
1041	114	63
1042	108	67
1043	106	74
1044	107	82
1045	109	88
1046	113	88
1047	116	88
1048	118	80
1049	118	69
1050	116	53
1051	111	37
1052	104	22
1053	96	10
1054	90	4
1055	86	4
1056	85	12
1057	88	25
1058	95	43
1059	106	63
1060	120	83
1061	136	101
1062	150	114
1063	163	121
1064	173	122
1065	179	118
1066	179	109
1067	176	97
1068	169	86
1069	160	76
1070	150	70
1071	141	69
1072	134	71
1073	129	77
1074	127	87
1075	127	94
1076	130	101
1077	133	103
1078	135	102
1079	135	95
1080	133	83
1081	128	65
1082	120	46
1083	110	27
1084	99	10
1085	89	0
1086	80	0
1087	74	0
1088	73	2
1089	77	16
1090	84	33
1091	96	52
1092	110	69
1093	125	82
1094	140	91
1095	151	93
1096	160	93
1097	164	87
1098	164	79
1099	163	70
1100	157	63
1101	151	60
1102	146	61
1103	142	67
1104	140	76
1105	141	88
1106	143	100
1107	148	110
1108	152	118
1109	156	118
1110	157	114
1111	156	103
1112	150	87
1113	142	67
1114	130	46
1115	116	25
1116	102	9
1117	89	0
1118	79	0
1119	73	0
1120	72	5
1121	74	18
1122	82	32
1123	92	46
1124	105	58
1125	117	66
1126	129	68
1127	137	67
1128	143	62
1129	145	54
1130	145	46
1131	142	40
1132	139	39
1133	136	40
1134	135	48
1135	136	61
1136	139	77
1137	146	93
1138	153	109
1139	161	120
1140	169	127
1141	174	127
1142	175	120
1143	173	107
1144	165	89
1145	155	70
1146	141	49
1147	126	32
1148	111	18
1149	97	10
1150	87	9
1151	82	13
1152	81	21
1153	82	31
1154	88	42
1155	97	50
1156	106	55
1157	114	55
1158	120	51
1159	124	44
1160	125	34
1161	124	24
1162	122	16
1163	118	13
1164	116	14
1165	116	23
1166	119	35
1167	125	53
1168	133	72
1169	144	91
1170	156	108
1171	168	120
1172	177	125
1173	184	125
1174	184	118
1175	183	104
1176	175	88
1177	164	71
1178	150	55
1179	136	42
1180	122	33
1181	111	30
1182	102	31
1183	98	37
1184	97	46
1185	99	53
1186	103	59
1187	109	60
1188	114	59
1189	117	52
1190	117	41
1191	116	29
1192	112	14
1193	107	2
1194	101	0
1195	97	0
1196	95	0
1197	96	8
1198	102	24
1199	111	44
1200	124	65
1201	138	86
1202	152	101
1203	166	112
1204	176	115
1205	183	114
1206	184	107
1207	183	94
1208	177	82
1209	167	69
1210	155	58
1211	144	51
1212	134	50
1213	125	52
1214	120	58
1215	118	66
1216	119	74
1217	122	80
1218	125	81
1219	127	79
1220	127	70
1221	126	57
1222	121	39
1223	114	22
1224	105	5
1225	96	0
1226	88	0
1227	82	0
1228	81	0
1229	82	2
1230	88	20
1231	99	40
1232	113	59
1233	128	77
1234	143	89
1235	157	96
1236	167	97
1237	173	95
1238	175	88
1239	174	78
1240	168	69
1241	161	61
1242	153	58
1243	146	59
1244	141	64
1245	138	73
1246	137	83
1247	139	94
1248	143	102
1249	146	105
1250	148	104
1251	148	97
1252	145	84
1253	139	66
1254	130	46
1255	118	26
1256	105	8
1257	92	0
1258	83	0
1259	76	0
1260	74	0
1261	75	8
1262	81	24
1263	92	41
1264	105	57
1265	119	69
1266	133	78
1267	144	79
1268	152	78
1269	157	72
1270	157	64
1271	156	57
1272	152	52
1273	148	51
1274	144	55
1275	142	62
1276	142	75
1277	145	89
1278	150	104
1279	156	117
1280	162	125
1281	167	126
1282	168	124
1283	168	114
1284	162	97
1285	154	78
1286	141	57
1287	127	38
1288	112	22
1289	98	11
1290	87	6
1291	79	7
1292	77	15
1293	78	27
1294	84	39
1295	93	52
1296	103	61
1297	114	67
1298	124	67
1299	131	65
1300	135	58
1301	136	49
1302	136	41
1303	133	36
1304	130	35
1305	128	39
1306	129	49
1307	131	63
1308	137	81
1309	145	99
1310	155	117
1311	165	131
1312	174	138
1313	181	139
1314	182	135
1315	182	124
1316	176	107
1317	165	89
1318	152	71
1319	138	55
1320	122	42
1321	109	35
1322	98	34
1323	92	38
1324	90	45
1325	91	55
1326	95	64
1327	102	70
1328	109	72
1329	115	71
1330	120	65
1331	121	55
1332	121	44
1333	118	33
1334	114	24
1335	110	21
1336	108	22
1337	108	30
1338	111	44
1339	118	63
1340	128	84
1341	140	103
1342	153	122
1343	166	135
1344	177	143
1345	185	143
1346	187	137
1347	187	127
1348	181	112
1349	172	97
1350	159	82
1351	146	71
1352	133	65
1353	123	64
1354	115	67
1355	110	74
1356	109	82
1357	111	89
1358	114	94
1359	118	94
1360	121	90
1361	121	83
1362	121	69
1363	117	54
1364	111	39
1365	104	26
1366	97	16
1367	91	14
1368	89	17
1369	89	28
1370	94	44
1371	104	64
1372	116	85
1373	131	104
1374	146	121
1375	160	133
1376	172	136
1377	180	136
1378	182	131
1379	182	120
1380	177	109
1381	169	98
1382	160	90
1383	150	87
1384	141	88
1385	135	92
1386	132	100
1387	131	110
1388	132	119
1389	135	125
1390	138	125
1391	139	122
1392	139	113
1393	135	99
1394	129	81
1395	120	62
1396	109	44
1397	98	30
1398	88	22
1399	80	21
1400	77	24
1401	78	36
1402	83	53
1403	93	71
1404	106	88
1405	121	105
1406	136	117
1407	149	124
1408	159	125
1409	166	122
1410	168	116
1411	168	107
1412	164	100
1413	158	95
1414	152	94
1415	147	98
1416	144	104
1417	143	117
1418	145	130
1419	148	143
1420	153	152
1421	158	156
1422	160	156
1423	160	149
1424	158	135
1425	150	118
1426	140	98
1427	127	78
1428	114	60
1429	99	47
1430	88	39
1431	79	39
1432	75	44
1433	76	55
1434	81	69
1435	90	85
1436	101	98
1437	114	108
1438	126	114
1439	137	114
1440	144	112
1441	148	106
1442	148	98
1443	147	92
1444	144	88
1445	141	88
1446	139	94
1447	138	104
1448	140	119
1449	146	136
1450	152	152
1451	160	166
1452	168	177
1453	175	180
1454	178	179
1455	178	169
1456	173	154
1457	164	136
1458	152	116
1459	138	97
1460	122	83
1461	108	72
1462	96	68
1463	87	69
1464	83	75
1465	84	85
1466	88	96
1467	95	106
1468	104	113
1469	113	116
1470	121	115
1471	126	110
1472	129	102
1473	129	92
1474	127	84
1475	124	78
1476	121	77
1477	119	82
1478	120	92
1479	124	107
1480	131	127
1481	141	147
1482	153	166
1483	164	181
1484	175	191
1485	183	192
1486	187	190
1487	187	181
1488	183	166
1489	173	150
1490	161	133
1491	147	118
1492	133	107
1493	120	102
1494	110	101
1495	103	105
1496	100	113
1497	101	121
1498	104	129
1499	109	134
1500	114	134
1501	118	131
1502	120	122
1503	120	110
1504	117	97
1505	113	85
1506	107	75
1507	102	70
1508	99	71
1509	98	80
1510	101	92
1511	109	111
1512	119	135
1513	134	157
1514	149	176
1515	163	188
1516	175	195
1517	183	195
1518	187	189
1519	187	179
1520	181	167
1521	173	153
1522	162	143
1523	151	136
1524	140	133
1525	131	134
1526	125	139
1527	122	147
1528	122	155
1529	124	162
1530	127	165
1531	129	164
1532	129	157
1533	129	146
1534	125	131
1535	119	114
1536	111	97
1537	101	84
1538	93	75
1539	86	73
1540	82	76
1541	83	87
1542	88	103
1543	98	122
1544	111	143
1545	125	160
1546	140	175
1547	155	185
1548	166	187
1549	174	187
1550	176	180
1551	176	171
1552	172	162
1553	165	154
1554	158	151
1555	150	150
1556	144	154
1557	140	162
1558	139	172
1559	141	184
1560	144	193
1561	147	199
1562	150	199
1563	150	193
1564	149	183
1565	144	166
1566	135	147
1567	124	127
1568	112	109
1569	99	95
1570	88	87
1571	80	86
1572	75	91
1573	76	101
1574	81	117
1575	91	133
1576	103	150
1577	117	163
1578	130	172
1579	142	177
1580	151	177
1581	157	172
1582	158	165
1583	158	157
1584	155	152
1585	150	150
1586	146	151
1587	144	158
1588	143	169
1589	145	184
1590	149	199
1591	155	213
1592	161	223
1593	167	227
1594	170	226
1595	170	217
1596	166	203
1597	158	184
1598	147	166
1599	133	146
1600	118	129
1601	104	116
1602	91	110
1603	83	109
1604	79	116
1605	79	126
1606	83	138
1607	91	151
1608	102	161
1609	112	168
1610	122	169
1611	130	169
1612	136	163
1613	138	155
1614	138	148
1615	136	141
1616	132	140
1617	130	142
1618	129	149
1619	131	162
1620	136	179
1621	144	197
1622	152	215
1623	162	231
1624	172	241
1625	179	243
1626	183	242
1627	183	232
1628	179	218
1629	170	200
1630	158	182
1631	143	164
1632	128	151
1633	114	143
1634	102	141
1635	95	142
1636	91	149
1637	91	158
1638	95	167
1639	101	174
1640	108	177
1641	114	177
1642	119	173
1643	122	165
1644	122	154
1645	120	143
1646	116	133
1647	112	128
1648	109	128
1649	108	134
1650	110	146
1651	115	162
1652	124	183
1653	136	203
1654	149	223
1655	162	238
1656	174	247
1657	183	248
1658	188	246
1659	188	236
1660	183	223
1661	175	207
1662	163	193
1663	150	181
1664	138	173
1665	126	171
1666	117	172
1667	112	177
1668	110	185
1669	111	193
1670	114	199
1671	117	200
1672	121	199
1673	122	192
1674	122	180
1675	119	165
1676	114	150
1677	107	136
1678	100	126
1679	93	121
1680	89	122
1681	89	131
1682	92	145
1683	100	163
1684	111	184
1685	126	204
1686	141	222
1687	156	234
1688	168	241
1689	177	241
1690	182	237
1691	182	229
1692	178	217
1693	171	207
1694	162	198
1695	152	192
1696	143	191
1697	136	195
1698	132	202
1699	130	212
1700	131	221
1701	134	227
1702	137	229
1703	139	228
1704	139	221
1705	136	207
1706	131	191
1707	122	171
1708	112	153
1709	101	138
1710	90	127
1711	82	124
1712	78	126
1713	77	135
1714	81	150
1715	89	167
1716	101	186
1717	116	202
1718	130	217
1719	144	225
1720	155	226
1721	163	225
1722	167	220
1723	167	211
1724	164	203
1725	159	197
1726	153	195
1727	147	196
1728	144	203
1729	142	213
1730	143	226
1731	146	238
1732	150	249
1733	155	255
1734	159	255
1735	159	250
1736	158	239
1737	152	223
1738	143	202
1739	130	182
1740	117	163
1741	103	149
1742	90	139
1743	81	137
1744	76	140
1745	75	149
1746	78	161
1747	86	176
1748	97	191
1749	109	202
1750	121	209
1751	132	210
1752	140	209
1753	145	203
1754	146	196
1755	146	188
1756	143	183
1757	140	182
1758	137	185
1759	136	194
1760	138	207
1761	142	223
1762	148	240
1763	156	255
1764	164	255
1765	171	255
1766	175	255
1767	175	255
1768	174	250
1769	166	232
1770	154	213
1771	140	193
1772	126	177
1773	111	164
1774	98	158
1775	88	157
1776	83	162
1777	82	170
1778	85	181
1779	91	192
1780	100	199
1781	109	203
1782	117	203
1783	123	199
1784	126	191
1785	126	182
1786	126	171
1787	123	165
1788	119	163
1789	117	164
1790	118	173
1791	120	187
1792	127	204
1793	136	224
1794	147	244
1795	159	255
1796	170	255
1797	179	255
1798	184	255
1799	184	255
1800	182	252
1801	174	235
1802	163	219
1803	149	202
1804	135	190
1805	121	183
1806	111	182
1807	103	183
1808	99	189
1809	98	197
1810	101	205
1811	105	210
1812	111	211
1813	115	209
1814	118	202
1815	118	191
1816	116	177
1817	112	163
1818	107	152
1819	102	146
1820	97	145
1821	96	150
1822	98	161
1823	103	178
1824	113	198
1825	125	219
1826	140	238
1827	154	253
1828	167	255
1829	177	255
1830	183	255
1831	184	255
1832	181	243
1833	175	229
1834	165	216
1835	153	207
1836	142	200
1837	132	199
1838	124	202
1839	120	209
1840	119	217
1841	120	225
1842	122	230
1843	125	230
1844	127	227
1845	127	217
1846	125	203
1847	120	186
1848	113	169
1849	104	152
1850	95	141
1851	87	134
1852	81	134
1853	80	141
1854	82	153
1855	89	170
1856	100	190
1857	115	210
1858	130	226
1859	144	237
1860	157	245
1861	167	245
1862	173	240
1863	173	233
1864	172	223
1865	166	214
1866	159	207
1867	151	204
1868	144	205
1869	139	211
1870	136	219
1871	136	230
1872	138	240
1873	142	248
1874	145	249
1875	147	248
1876	147	239
1877	144	225
1878	137	207
1879	127	187
1880	115	167
1881	103	150
1882	91	138
1883	81	132
1884	74	133
1885	73	141
1886	75	153
1887	82	168
1888	93	185
1889	106	200
1890	120	212
1891	133	218
1892	144	219
1893	151	216
1894	155	210
1895	155	202
1896	154	195
1897	149	190
1898	145	189
1899	141	193
1900	139	201
1901	140	214
1902	143	228
1903	148	242
1904	155	254
1905	161	255
1906	165	255
1907	166	255
1908	165	246
1909	159	230
1910	150	210
1911	137	189
1912	123	169
1913	108	153
1914	95	145
1915	84	141
1916	77	142
1917	76	149
1918	77	160
1919	83	172
1920	92	184
1921	103	193
1922	114	197
1923	123	197
1924	129	193
1925	134	186
1926	134	177
1927	133	169
1928	131	163
1929	128	162
1930	126	167
1931	126	176
1932	129	191
1933	136	208
1934	144	227
1935	154	243
1936	163	255
1937	172	255
1938	178	255
1939	179	255
1940	178	244
1941	172	227
1942	161	208
1943	147	190
1944	132	173
1945	118	161
1946	105	155
1947	95	154
1948	89	157
1949	88	165
1950	89	174
1951	94	182
1952	100	188
1953	107	189
1954	113	187
1955	117	179
1956	118	169
1957	118	157
1958	115	147
1959	111	138
1960	107	135
1961	104	136
1962	105	145
1963	108	158
1964	115	176
1965	126	196
1966	138	217
1967	152	233
1968	164	245
1969	175	251
1970	182	251
1971	184	243
1972	183	231
1973	176	215
1974	166	200
1975	154	186
1976	141	175
1977	128	169
1978	118	168
1979	111	171
1980	107	178
1981	106	184
1982	108	191
1983	112	195
1984	115	195
1985	118	190
1986	118	180
1987	117	166
1988	113	151
1989	107	135
1990	100	122
1991	93	113
1992	87	112
1993	85	115
1994	86	125
1995	92	141
1996	101	160
1997	114	181
1998	129	199
1999	144	214
2000	158	224
2001	169	226
2002	176	225
2003	178	218
2004	177	207
2005	172	195
2006	164	185
2007	154	176
2008	145	173
2009	136	173
2010	130	178
2011	127	186
2012	127	195
2013	129	203
2014	131	207
2015	134	207
2016	135	203
2017	135	192
2018	131	177
2019	124	158
2020	115	139
2021	104	121
2022	93	106
2023	83	99
2024	76	97
2025	73	101
2026	74	112
2027	80	129
2028	90	147
2029	104	164
2030	118	179
2031	133	189
2032	146	195
2033	156	195
2034	162	191
2035	163	183
2036	163	175
2037	159	166
2038	153	161
2039	147	160
2040	142	164
2041	139	171
2042	139	182
2043	141	195
2044	145	207
2045	149	215
2046	153	217
2047	156	216
2048	156	207
2049	152	192
2050	145	173
2051	134	153
2052	121	133
2053	107	115
2054	93	101
2055	82	94
2056	74	93
2057	71	99
2058	72	110
2059	77	124
2060	87	138
2061	98	151
2062	111	159
2063	123	163
2064	133	163
2065	139	159
2066	143	152
2067	143	144
2068	142	137
2069	139	133
2070	136	133
2071	133	138
2072	133	149
2073	136	162
2074	141	179
2075	149	195
2076	156	208
2077	164	216
2078	170	217
2079	172	215
2080	172	204
2081	167	188
2082	158	169
2083	145	149
2084	131	130
2085	115	114
2086	101	103
2087	90	99
2088	82	100
2089	79	107
2090	80	116
2091	84	126
2092	91	135
2093	100	142
2094	109	143
2095	116	141
2096	121	135
2097	123	125
2098	123	115
2099	121	106
2100	118	100
2101	115	99
2102	114	103
2103	115	114
2104	119	129
2105	127	148
2106	137	167
2107	149	184
2108	161	199
2109	171	207
2110	179	208
2111	182	203
2112	182	192
2113	176	177
2114	167	159
2115	154	142
2116	140	128
2117	126	116
2118	113	110
2119	104	110
2120	97	114
2121	95	120
2122	95	128
2123	99	135
2124	104	138
2125	109	138
2126	113	132
2127	115	123
2128	115	110
2129	112	96
2130	107	83
2131	101	73
2132	96	68
2133	93	69
2134	93	77
2135	97	90
2136	104	108
2137	115	129
2138	129	149
2139	143	166
2140	157	179
2141	169	186
2142	178	186
2143	182	180
2144	182	169
2145	177	156
2146	168	143
2147	157	131
2148	146	122
2149	135	117
2150	126	118
2151	120	122
2152	116	129
2153	116	137
2154	118	143
2155	121	146
2156	124	145
2157	124	138
2158	124	127
2159	121	111
2160	114	93
2161	106	75
2162	97	60
2163	88	50
2164	81	47
2165	78	49
2166	78	58
2167	82	73
2168	91	90
2169	104	110
2170	118	128
2171	134	143
2172	148	152
2173	160	154
2174	168	154
2175	172	148
2176	172	138
2177	168	128
2178	161	119
2179	153	113
2180	146	112
2181	139	114
2182	135	122
2183	134	131
2184	135	142
2185	138	151
2186	141	156
2187	144	156
2188	145	151
2189	144	140
2190	139	124
2191	131	104
2192	120	83
2193	108	64
2194	95	49
2195	84	39
2196	75	37
2197	70	39
2198	70	49
2199	75	62
2200	84	79
2201	96	95
2202	110	108
2203	124	117
2204	136	121
2205	146	121
2206	152	117
2207	154	108
2208	154	100
2209	150	93
2210	146	90
2211	142	91
2212	139	97
2213	138	107
2214	140	121
2215	144	135
2216	149	148
2217	156	157
2218	162	161
2219	165	161
2220	165	152
2221	162	139
2222	155	121
2223	144	99
2224	130	79
2225	115	61
2226	100	47
2227	88	39
2228	79	38
2229	74	42
2230	73	51
2231	78	63
2232	85	75
2233	95	86
2234	106	92
2235	116	94
2236	125	93
2237	130	87
2238	133	79
2239	133	70
2240	131	63
2241	128	59
2242	126	60
2243	125	67
2244	126	79
2245	131	94
2246	138	112
2247	147	130
2248	157	145
2249	167	155
2250	174	157
2251	179	156
2252	179	148
2253	175	133
2254	167	115
2255	155	95
2256	140	77
2257	125	62
2258	111	53
2259	99	49
2260	91	50
2261	86	55
2262	86	63
2263	89	72
2264	95	80
2265	102	83
2266	109	83
2267	114	79
2268	117	69
2269	117	58
2270	116	46
2271	112	35
2272	108	29
2273	105	28
2274	104	32
2275	105	43
2276	111	60
2277	119	79
2278	131	99
2279	144	118
2280	157	133
2281	169	143
2282	178	144
2283	184	142
2284	184	133
2285	181	119
2286	172	103
2287	161	89
2288	148	75
2289	135	66
2290	124	62
2291	114	63
2292	108	67
2293	106	74
2294	106	82
2295	109	88
2296	113	88
2297	116	88
2298	118	80
2299	118	69
2300	116	54
2301	111	37
2302	104	22
2303	96	11
2304	90	4
2305	86	5
2306	85	11
2307	88	25
2308	96	43
2309	106	64
2310	120	83
2311	135	101
2312	150	114
2313	163	121
2314	173	121
2315	179	117
2316	179	109
2317	176	97
2318	169	86
2319	160	76
2320	150	70
2321	141	69
2322	134	71
2323	129	78
2324	127	86
2325	128	94
2326	130	101
2327	133	103
2328	135	102
2329	135	95
2330	134	82
2331	128	65
2332	120	46
2333	110	27
2334	99	10
2335	88	0
2336	80	0
2337	74	0
2338	73	2
2339	77	16
2340	85	33
2341	96	52
2342	111	69
2343	125	83
2344	140	91
2345	151	93
2346	160	93
2347	165	87
2348	165	79
2349	163	70
2350	158	63
2351	151	60
2352	146	61
2353	142	66
2354	140	76
2355	140	88
2356	143	100
2357	147	111
2358	152	117
2359	156	118
2360	157	114
2361	156	103
2362	151	86
2363	142	67
2364	130	45
2365	116	25
2366	102	9
2367	89	0
2368	79	0
2369	73	0
2370	72	5
2371	74	18
2372	82	32
2373	92	47
2374	105	59
2375	117	66
2376	129	68
2377	138	67
2378	143	62
2379	145	54
2380	145	46
2381	142	40
2382	139	39
2383	136	41
2384	135	49
2385	136	61
2386	140	77
2387	146	93
2388	154	108
2389	162	120
2390	169	127
2391	174	127
2392	174	120
2393	173	107
2394	165	89
2395	155	70
2396	141	49
2397	126	32
2398	111	18
2399	97	11
2400	87	9
2401	82	13
2402	81	21
2403	82	31
2404	88	42
2405	97	50
2406	106	55
2407	114	55
2408	121	51
2409	124	43
2410	125	34
2411	124	24
2412	122	16
2413	119	13
2414	116	14
2415	116	22
2416	119	35
2417	125	53
2418	134	72
2419	144	91
2420	157	108
2421	168	120
2422	177	126
2423	183	125
2424	184	118
2425	183	105
2426	175	88
2427	164	71
2428	151	55
2429	136	41
2430	122	33
2431	111	31
2432	103	32
2433	98	37
2434	97	45
2435	99	53
2436	104	59
2437	109	60
2438	114	59
2439	116	52
2440	117	41
2441	116	28
2442	112	14
2443	106	2
2444	101	0
2445	97	0
2446	96	0
2447	97	8
2448	102	24
2449	111	44
2450	124	66
2451	138	86
2452	153	101
2453	166	112
2454	177	115
2455	183	114
2456	184	106
2457	183	94
2458	176	82
2459	166	68
2460	155	58
2461	144	52
2462	134	51
2463	125	52
2464	120	59
2465	119	66
2466	119	74
2467	122	80
2468	125	81
2469	127	78
2470	127	70
2471	126	57
2472	121	39
2473	114	22
2474	105	6
2475	96	0
2476	87	0
2477	82	0
2478	81	0
2479	82	2
2480	88	20
2481	99	40
2482	113	59
2483	128	77
2484	143	90
2485	157	97
2486	167	98
2487	173	95
2488	174	88
2489	173	78
2490	168	69
2491	161	61
2492	153	59
2493	146	60
2494	140	64
2495	138	73
2496	137	84
2497	139	94
2498	143	102
2499	146	105
2500	148	104
2501	148	96
2502	145	83
2503	139	66
2504	130	46
2505	118	26
2506	105	8
2507	93	0
2508	83	0
2509	75	0
2510	74	0
2511	75	9
2512	82	25
2513	92	41
2514	105	57
2515	119	70
2516	132	77
2517	144	79
2518	152	78
2519	157	72
2520	157	64
2521	156	57
2522	152	52
2523	148	51
2524	144	55
2525	142	63
2526	142	75
2527	145	89
2528	150	104
2529	156	117
2530	162	125
2531	167	126
2532	168	124
2533	168	113
2534	162	97
2535	153	78
2536	141	57
2537	127	37
2538	112	22
2539	98	11
2540	86	7
2541	79	8
2542	77	16
2543	78	27
2544	84	39
2545	93	52
2546	103	61
2547	114	67
2548	124	67
2549	131	65
2550	135	58
2551	136	50
2552	136	42
2553	133	36
2554	130	35
2555	129	39
2556	129	49
2557	131	63
2558	137	81
2559	146	99
2560	155	117
2561	165	131
2562	174	139
2563	181	139
2564	182	135
2565	182	124
2566	176	108
2567	165	90
2568	152	71
2569	137	55
2570	122	42
2571	109	35
2572	99	34
2573	92	38
2574	90	46
2575	91	54
2576	95	64
2577	102	70
2578	109	72
2579	115	71
2580	119	65
2581	121	55
2582	121	44
2583	118	33
2584	114	24
2585	110	21
2586	108	22
2587	108	30
2588	111	44
2589	118	63
2590	127	83
2591	140	103
2592	153	122
2593	166	135
2594	177	143
2595	185	143
2596	187	137
2597	187	126
2598	181	112
2599	172	97
2600	159	83
2601	146	72
2602	134	66
2603	123	65
2604	115	67
2605	110	73
2606	110	82
2607	111	88
2608	115	94
2609	118	94
2610	122	91
2611	122	82
2612	121	69
2613	117	55
2614	111	39
2615	104	26
2616	97	17
2617	91	15
2618	88	17
2619	89	28
2620	94	44
2621	104	64
2622	116	85
2623	131	104
2624	146	121
2625	160	132
2626	172	136
2627	180	136
2628	182	130
2629	182	120
2630	177	109
2631	169	98
2632	159	91
2633	150	87
2634	141	88
2635	135	92
2636	131	100
2637	131	110
2638	132	119
2639	135	125
2640	138	125
2641	139	122
2642	139	113
2643	135	98
2644	129	81
2645	119	62
2646	109	44
2647	98	30
2648	88	21
2649	81	20
2650	77	24
2651	78	36
2652	83	52
2653	93	70
2654	106	89
2655	121	105
2656	136	117
2657	149	124
2658	159	125
2659	166	122
2660	168	116
2661	168	107
2662	164	100
2663	159	95
2664	152	94
2665	147	98
2666	144	105
2667	143	117
2668	145	130
2669	148	143
2670	153	152
2671	157	156
2672	160	156
2673	160	149
2674	157	135
2675	150	118
2676	140	98
2677	127	78
2678	113	60
2679	99	47
2680	88	39
2681	79	39
2682	75	45
2683	76	55
2684	81	69
2685	90	84
2686	101	98
2687	114	108
2688	126	115
2689	136	115
2690	144	112
2691	148	106
2692	148	99
2693	147	91
2694	144	88
2695	141	88
2696	139	93
2697	138	104
2698	140	119
2699	145	135
2700	152	152
2701	160	166
2702	168	177
2703	175	179
2704	178	178
2705	178	169
2706	173	154
2707	164	136
2708	152	116
2709	137	97
2710	122	83
2711	108	72
2712	96	67
2713	88	68
2714	83	75
2715	84	85
2716	88	95
2717	95	106
2718	104	113
2719	113	116
2720	120	115
2721	126	110
2722	128	102
2723	128	92
2724	126	84
2725	124	78
2726	120	77
2727	119	82
2728	120	92
2729	124	107
2730	131	127
2731	141	147
2732	153	165
2733	164	181
2734	175	191
2735	183	192
2736	187	190
2737	187	181
2738	183	167
2739	173	150
2740	161	133
2741	147	118
2742	133	107
2743	120	102
2744	110	102
2745	103	105
2746	100	113
2747	101	122
2748	104	129
2749	109	134
2750	114	134
2751	118	131
2752	120	122
2753	120	110
2754	117	97
2755	113	85
2756	107	75
2757	102	70
2758	99	71
2759	98	79
2760	101	93
2761	109	111
2762	119	135
2763	133	157
2764	149	175
2765	163	188
2766	175	195
2767	183	195
2768	187	189
2769	187	179
2770	182	166
2771	173	153
2772	162	143
2773	150	135
2774	140	133
2775	131	134
2776	125	139
2777	122	147
2778	122	155
2779	124	162
2780	127	165
2781	130	164
2782	130	157
2783	130	146
2784	125	131
2785	119	114
2786	111	97
2787	101	84
2788	92	75
2789	86	73
2790	83	77
2791	83	87
2792	88	103
2793	98	122
2794	111	143
2795	126	160
2796	141	175
2797	155	185
2798	166	187
2799	174	186
2800	176	180
2801	176	171
2802	172	162
2803	165	154
2804	158	151
2805	150	150
2806	144	153
2807	140	162
2808	139	172
2809	140	184
2810	143	193
2811	147	199
2812	149	199
2813	149	194
2814	148	182
2815	143	166
2816	135	147
2817	124	127
2818	112	109
2819	99	95
2820	88	87
2821	80	86
2822	75	90
2823	76	101
2824	81	117
2825	91	133
2826	103	150
2827	117	163
2828	130	172
2829	142	177
2830	151	177
2831	157	172
2832	158	165
2833	158	157
2834	155	152
2835	150	151
2836	146	152
2837	143	158
2838	143	169
2839	145	184
2840	149	199
2841	155	213
2842	161	223
2843	167	227
2844	170	226
2845	170	217
2846	166	203
2847	158	185
2848	147	165
2849	133	146
2850	118	129
2851	104	116
2852	91	110
2853	83	109
2854	79	116
2855	79	126
2856	83	138
2857	91	151
2858	101	162
2859	112	169
2860	122	170
2861	130	169
2862	136	163
2863	138	155
2864	138	148
2865	135	142
2866	132	140
2867	130	142
2868	129	150
2869	131	162
2870	136	179
2871	143	197
2872	152	216
2873	162	231
2874	172	241
2875	179	243
2876	183	242
2877	183	232
2878	179	218
2879	169	200
2880	157	181
2881	143	164
2882	128	152
2883	114	143
2884	102	141
2885	95	142
2886	91	149
2887	91	157
2888	95	167
2889	101	174
2890	108	178
2891	114	178
2892	119	173
2893	122	164
2894	122	154
2895	120	143
2896	116	133
2897	112	128
2898	109	127
2899	108	133
2900	110	146
2901	115	162
2902	124	183
2903	136	203
2904	149	223
2905	163	238
2906	174	247
2907	183	248
2908	188	246
2909	188	237
2910	183	223
2911	175	207
2912	163	193
2913	150	181
2914	137	173
2915	126	171
2916	117	172
2917	112	178
2918	110	185
2919	111	193
2920	114	199
2921	117	200
2922	121	199
2923	122	192
2924	122	180
2925	119	165
2926	114	151
2927	107	136
2928	100	126
2929	93	121
2930	89	122
2931	89	131
2932	92	145
2933	100	163
2934	112	184
2935	126	204
2936	141	222
2937	156	234
2938	168	241
2939	177	241
2940	182	237
2941	182	228
2942	179	217
2943	171	206
2944	162	197
2945	152	192
2946	143	191
2947	136	195
2948	132	202
2949	130	211
2950	131	221
2951	134	228
2952	137	230
2953	139	229
2954	139	221
2955	136	207
2956	131	191
2957	123	171
2958	112	153
2959	101	138
2960	91	127
2961	82	124
2962	77	126
2963	77	135
2964	81	150
2965	89	167
2966	101	185
2967	116	202
2968	130	216
2969	144	225
2970	155	226
2971	163	225
2972	167	220
2973	167	211
2974	164	203
2975	159	197
2976	153	195
2977	148	196
2978	144	203
2979	142	213
2980	143	226
2981	146	239
2982	151	249
2983	155	255
2984	158	255
2985	159	251
2986	157	239
2987	152	222
2988	143	203
2989	130	182
2990	117	163
2991	103	149
2992	90	139
2993	81	137
2994	76	140
2995	75	149
2996	78	161
2997	86	176
2998	97	190
2999	109	201
3000	121	209
3001	132	211
3002	141	210
3003	145	203
3004	146	196
3005	146	189
3006	144	183
3007	140	182
3008	138	185
3009	137	194
3010	138	207
3011	142	223
3012	148	240
3013	156	255
3014	164	255
3015	171	255
3016	175	255
3017	175	255
3018	173	250
3019	166	233
3020	154	212
3021	140	193
3022	125	176
3023	111	164
3024	98	157
3025	88	157
3026	83	161
3027	82	170
3028	85	181
3029	92	191
3030	100	199
3031	109	203
3032	117	203
3033	122	199
3034	126	191
3035	126	181
3036	125	171
3037	122	165
3038	119	163
3039	117	164
3040	118	173
3041	120	187
3042	127	204
3043	136	224
3044	147	243
3045	158	255
3046	170	255
3047	179	255
3048	184	255
3049	184	255
3050	182	252
3051	174	236
3052	163	218
3053	149	203
3054	135	191
3055	122	183
3056	111	182
3057	103	183
3058	99	189
3059	98	197
3060	101	205
3061	106	210
3062	111	211
3063	115	209
3064	118	202
3065	118	191
3066	116	177
3067	112	163
3068	107	152
3069	101	146
3070	97	145
3071	96	150
3072	98	160
3073	103	178
3074	113	198
3075	125	218
3076	140	238
3077	154	253
3078	167	255
3079	177	255
3080	183	255
3081	183	255
3082	182	243
3083	175	229
3084	164	217
3085	153	207
3086	142	201
3087	132	200
3088	125	202
3089	120	209
3090	119	217
3091	120	225
3092	122	230
3093	125	230
3094	127	227
3095	127	217
3096	125	203
3097	120	186
3098	113	169
3099	104	153
3100	95	141
3101	86	134
3102	81	134
3103	80	141
3104	82	153
3105	89	170
3106	100	191
3107	114	209
3108	129	226
3109	144	238
3110	157	244
3111	167	244
3112	173	240
3113	173	233
3114	172	223
3115	166	213
3116	158	206
3117	151	203
3118	144	204
3119	139	211
3120	136	219
3121	136	229
3122	138	240
3123	142	248
3124	145	249
3125	147	248
3126	147	239
3127	143	225
3128	137	207
3129	127	187
3130	115	167
3131	103	150
3132	91	138
3133	81	132
3134	74	133
3135	73	141
3136	75	153
3137	82	168
3138	93	185
3139	106	200
3140	120	211
3141	133	218
3142	144	219
3143	151	217
3144	155	210
3145	155	202
3146	153	195
3147	149	190
3148	145	189
3149	141	193
3150	139	201
3151	140	214
3152	143	228
3153	148	242
3154	155	254
3155	160	255
3156	165	255
3157	166	255
3158	165	246
3159	159	230
3160	150	209
3161	137	189
3162	123	169
3163	108	153
3164	95	144
3165	84	141
3166	77	142
3167	76	150
3168	77	160
3169	83	173
3170	92	184
3171	103	193
3172	114	197
3173	123	197
3174	129	193
3175	133	185
3176	133	177
3177	133	169
3178	130	163
3179	128	162
3180	126	167
3181	126	177
3182	129	191
3183	135	209
3184	144	227
3185	153	243
3186	163	255
3187	172	255
3188	178	255
3189	179	255
3190	178	244
3191	172	227
3192	161	208
3193	147	190
3194	132	173
3195	118	162
3196	105	155
3197	95	154
3198	89	158
3199	88	165
3200	89	174
3201	94	182
3202	100	187
3203	107	188
3204	113	187
3205	117	180
3206	118	169
3207	118	157
3208	115	146
3209	111	138
3210	107	135
3211	104	136
3212	104	145
3213	108	158
3214	115	177
3215	126	196
3216	138	216
3217	152	233
3218	164	245
3219	175	250
3220	182	250
3221	183	243
3222	183	231
3223	176	216
3224	166	200
3225	154	188
3226	141	175
3227	128	169
3228	118	168
3229	111	171
3230	107	177
3231	106	185
3232	108	191
3233	112	195
3234	116	195
3235	118	190
3236	118	180
3237	118	166
3238	113	151
3239	107	135
3240	100	122
3241	93	113
3242	87	111
3243	85	115
3244	86	125
3245	92	141
3246	101	160
3247	114	179
3248	129	199
3249	144	214
3250	158	224
3251	169	226
3252	176	225
3253	178	218
3254	177	207
3255	172	195
3256	164	185
3257	154	176
3258	145	173
3259	136	173
3260	130	178
3261	127	186
3262	127	195
3263	128	203
3264	131	208
3265	134	208
3266	134	203
3267	134	192
3268	131	177
3269	124	158
3270	115	138
3271	104	121
3272	93	106
3273	83	98
3274	76	97
3275	73	102
3276	74	113
3277	80	129
3278	90	147
3279	103	164
3280	118	179
3281	133	189
3282	146	195
3283	156	195
3284	162	191
3285	163	183
3286	163	174
3287	159	166
3288	153	161
3289	147	160
3290	142	164
3291	139	171
3292	139	182
3293	141	195
3294	145	206
3295	149	215
3296	153	217
3297	156	216
3298	156	207
3299	152	193
3300	145	174
3301	134	153
3302	121	133
3303	107	115
3304	94	101
3305	82	94
3306	74	93
3307	71	99
3308	72	109
3309	77	123
3310	87	138
3311	98	151
3312	111	159
3313	123	164
3314	133	164
3315	139	159
3316	144	152
3317	144	145
3318	142	137
3319	139	133
3320	136	133
3321	133	138
3322	133	149
3323	136	162
3324	141	179
3325	148	194
3326	157	208
3327	164	217
3328	170	218
3329	172	215
3330	172	204
3331	167	188
3332	158	169
3333	145	149
3334	131	130
3335	115	114
3336	101	103
3337	89	99
3338	82	100
3339	79	106
3340	79	115
3341	84	126
3342	92	136
3343	100	141
3344	109	142
3345	116	141
3346	122	135
3347	123	125
3348	123	115
3349	121	106
3350	118	100
3351	115	99
3352	114	103
3353	115	114
3354	120	129
3355	127	148
3356	137	167
3357	149	185
3358	161	199
3359	171	207
3360	179	208
3361	182	203
3362	182	192
3363	176	177
3364	167	159
3365	154	142
3366	140	127
3367	126	116
3368	113	111
3369	104	110
3370	97	113
3371	95	121
3372	96	128
3373	99	135
3374	104	138
3375	110	138
3376	114	133
3377	115	123
3378	115	110
3379	112	96
3380	107	83
3381	101	73
3382	96	68
3383	93	69
3384	93	77
3385	97	90
3386	104	108
3387	116	129
3388	129	149
3389	144	166
3390	157	178
3391	169	185
3392	178	185
3393	182	180
3394	182	169
3395	177	156
3396	168	143
3397	158	131
3398	146	122
3399	135	117
3400	126	118
3401	119	122
3402	116	129
3403	116	137
3404	118	143
3405	121	145
3406	124	145
3407	124	138
3408	124	127
3409	121	111
3410	114	93
3411	106	76
3412	97	60
3413	88	50
3414	82	47
3415	77	49
3416	78	58
3417	82	73
3418	91	90
3419	104	111
3420	119	128
3421	134	143
3422	148	152
3423	160	154
3424	168	153
3425	172	148
3426	172	138
3427	168	128
3428	161	119
3429	153	113
3430	146	112
3431	140	114
3432	135	122
3433	134	131
3434	135	142
3435	138	150
3436	141	156
3437	145	156
3438	145	151
3439	144	140
3440	139	123
3441	131	104
3442	120	84
3443	108	64
3444	95	48
3445	83	39
3446	75	37
3447	71	39
3448	70	49
3449	75	63
3450	84	79
3451	96	95
3452	110	108
3453	124	117
3454	136	121
3455	146	121
3456	152	117
3457	154	109
3458	154	100
3459	151	94
3460	146	90
3461	142	91
3462	139	97
3463	138	107
3464	140	120
3465	144	135
3466	150	148
3467	156	157
3468	162	161
3469	165	161
3470	165	153
3471	162	139
3472	154	120
3473	144	100
3474	130	79
3475	115	61
3476	100	47
3477	87	39
3478	79	38
3479	74	42
3480	73	51
3481	78	63
3482	85	75
3483	95	86
3484	106	92
3485	116	94
3486	125	93
3487	130	87
3488	133	79
3489	133	70
3490	131	62
3491	128	59
3492	126	60
3493	125	67
3494	126	79
3495	131	94
3496	138	112
3497	147	130
3498	157	145
3499	167	155
3500	174	157
3501	179	156
3502	179	148
3503	175	133
3504	167	114
3505	155	95
3506	140	77
3507	125	62
3508	111	53
3509	99	48
3510	91	49
3511	86	55
3512	86	63
3513	89	72
3514	95	79
3515	102	83
3516	109	83
3517	114	79
3518	117	69
3519	117	58
3520	116	45
3521	112	35
3522	108	29
3523	105	28
3524	104	32
3525	105	43
3526	110	59
3527	119	79
3528	130	99
3529	144	118
3530	157	133
3531	169	143
3532	178	144
3533	184	142
3534	184	133
3535	181	119
3536	172	103
3537	161	87
3538	148	75
3539	135	66
3540	123	62
3541	114	63
3542	108	67
3543	106	74
3544	107	82
3545	109	88
3546	113	88
3547	116	88
3548	118	80
3549	118	69
3550	115	53
3551	110	37
3552	104	22
3553	96	11
3554	90	5
3555	86	4
3556	85	11
3557	88	25
3558	95	43
3559	106	63
3560	120	83
3561	136	101
3562	150	114
3563	163	121
3564	173	121
3565	179	118
3566	179	109
3567	176	97
3568	169	86
3569	160	76
3570	151	70
3571	141	69
3572	134	71
3573	129	77
3574	127	86
3575	128	94
3576	130	101
3577	133	103
3578	135	102
3579	135	95
3580	133	82
3581	128	65
3582	120	45
3583	110	26
3584	99	10
3585	88	0
3586	80	0
3587	74	0
3588	73	2
3589	77	16
3590	85	33
3591	96	52
3592	111	70
3593	125	82
3594	140	91
3595	151	93
3596	160	93
3597	164	87
3598	164	79
3599	163	70
3600	158	63
3601	151	60
3602	146	61
3603	142	67
3604	140	76
3605	140	88
3606	143	100
3607	147	111
3608	152	118
3609	156	118
3610	157	114
3611	156	103
3612	150	86
3613	142	67
3614	130	45
3615	116	25
3616	102	9
3617	89	0
3618	79	0
3619	73	0
3620	72	5
3621	74	18
3622	82	32
3623	93	47
3624	105	59
3625	117	66
3626	129	67
3627	137	66
3628	143	61
3629	145	54
3630	145	46
3631	142	40
3632	139	39
3633	136	40
3634	135	48
3635	136	61
3636	140	77
3637	146	93
3638	153	108
3639	162	120
3640	169	127
3641	174	127
3642	174	119
3643	173	107
3644	166	89
3645	155	70
3646	141	49
3647	126	32
3648	111	18
3649	97	11
3650	87	10
3651	81	13
3652	80	21
3653	82	31
3654	88	42
3655	97	50
3656	105	55
3657	114	55
3658	120	51
3659	124	43
3660	125	33
3661	125	24
3662	122	17
3663	119	13
3664	116	14
3665	116	22
3666	119	35
3667	125	53
3668	133	73
3669	145	91
3670	156	108
3671	167	120
3672	177	125
3673	183	125
3674	184	118
3675	183	104
3676	175	88
3677	164	71
3678	151	55
3679	136	41
3680	122	33
3681	111	30
3682	102	31
3683	98	37
3684	97	45
3685	99	54
3686	103	60
3687	109	61
3688	114	59
3689	117	53
3690	117	41
3691	116	27
3692	112	14
3693	107	2
3694	101	0
3695	97	0
3696	96	0
3697	97	9
3698	102	25
3699	111	45
3700	124	65
3701	138	86
3702	152	101
3703	166	112
3704	176	115
3705	183	114
3706	184	106
3707	183	94
3708	176	82
3709	167	69
3710	155	58
3711	144	52
3712	133	50
3713	125	52
3714	120	58
3715	118	66
3716	119	74
3717	122	80
3718	125	81
3719	127	78
3720	127	70
3721	126	57
3722	121	39
3723	114	22
3724	105	5
3725	96	0
3726	88	0
3727	82	0
3728	81	0
3729	82	3
3730	88	20
3731	99	40
3732	113	59
3733	128	77
3734	143	90
3735	157	97
3736	167	97
3737	173	95
3738	174	88
3739	173	78
3740	168	69
3741	161	61
3742	154	59
3743	146	59
3744	141	64
3745	138	73
3746	138	84
3747	139	94
3748	143	102
3749	146	105
3750	148	104
3751	148	97
3752	145	84
3753	139	67
3754	130	46
3755	118	26
3756	105	8
3757	93	0
3758	82	0
3759	75	0
3760	74	0
3761	75	8
3762	82	24
3763	92	41
3764	105	57
3765	119	69
3766	132	77
3767	144	79
3768	152	78
3769	156	72
3770	157	65
3771	156	57
3772	152	52
3773	148	51
3774	144	55
3775	142	63
3776	142	75
3777	145	89
3778	150	103
3779	156	117
3780	162	125
3781	167	126
3782	168	124
3783	168	113
3784	163	97
3785	153	78
3786	141	57
3787	127	38
3788	112	22
3789	98	11
3790	86	7
3791	79	8
3792	77	15
3793	78	26
3794	84	39
3795	92	52
3796	103	61
3797	114	67
3798	124	67
3799	131	65
3800	135	58
3801	136	50
3802	136	42
3803	133	36
3804	130	35
3805	128	39
3806	129	49
3807	132	63
3808	137	81
3809	145	99
3810	155	117
3811	165	130
3812	174	139
3813	180	139
3814	182	135
3815	182	124
3816	176	108
3817	165	89
3818	152	71
3819	137	54
3820	122	42
3821	109	35
3822	98	34
3823	92	38
3824	90	45
3825	91	55
3826	95	64
3827	102	70
3828	109	72
3829	115	71
3830	119	65
3831	121	55
3832	121	44
3833	118	33
3834	114	24
3835	110	21
3836	108	22
3837	108	30
3838	110	44
3839	118	62
3840	128	84
3841	140	103
3842	153	122
3843	166	135
3844	177	143
3845	185	143
3846	187	137
3847	187	127
3848	181	112
3849	172	96
3850	159	83
3851	146	72
3852	133	65
3853	123	64
3854	115	67
3855	110	73
3856	109	82
3857	111	89
3858	114	94
3859	118	94
3860	121	91
3861	121	82
3862	121	69
3863	117	54
3864	111	38
3865	104	25
3866	97	17
3867	91	15
3868	88	18
3869	89	28
3870	94	44
3871	103	63
3872	116	86
3873	131	105
3874	146	121
3875	160	132
3876	172	136
3877	180	136
3878	182	130
3879	182	120
3880	177	109
3881	169	98
3882	160	91
3883	150	87
3884	142	88
3885	135	92
3886	131	101
3887	131	110
3888	132	119
3889	135	125
3890	138	126
3891	139	123
3892	139	113
3893	135	99
3894	129	81
3895	119	62
3896	109	44
3897	98	30
3898	88	22
3899	81	21
3900	77	25
3901	78	36
3902	83	53
3903	93	70
3904	106	89
3905	121	105
3906	136	117
3907	149	124
3908	159	125
3909	166	122
3910	168	116
3911	168	107
3912	164	100
3913	158	95
3914	152	94
3915	147	98
3916	144	106
3917	143	118
3918	145	130
3919	148	143
3920	153	151
3921	158	156
3922	160	155
3923	160	149
3924	157	136
3925	151	118
3926	140	98
3927	127	78
3928	113	60
3929	99	47
3930	88	39
3931	79	38
3932	75	45
3933	76	55
3934	81	69
3935	90	85
3936	101	98
3937	114	108
3938	126	115
3939	136	115
3940	144	112
3941	148	106
3942	148	97
3943	147	91
3944	144	88
3945	141	89
3946	138	94
3947	138	104
3948	140	119
3949	146	135
3950	152	152
3951	160	167
3952	168	177
3953	175	179
3954	178	178
3955	178	169
3956	173	154
3957	164	136
3958	152	116
3959	138	97
3960	122	83
3961	108	72
3962	96	68
3963	87	69
3964	83	75
3965	84	85
3966	88	96
3967	95	106
3968	104	113
3969	113	116
3970	120	115
3971	126	110
3972	129	102
3973	129	92
3974	127	84
3975	124	78
3976	120	77
3977	119	82
3978	120	92
3979	124	107
3980	131	127
3981	141	147
3982	153	166
3983	164	181
3984	175	190
3985	183	192
3986	187	190
3987	187	180
3988	182	166
3989	174	150
3990	161	133
3991	147	118
3992	132	107
3993	120	102
3994	110	102
3995	103	105
3996	100	113
3997	101	122
3998	104	129
3999	109	134
4000	114	134
4001	118	131
4002	120	122
4003	120	111
4004	117	97
4005	113	85
4006	107	75
4007	102	70
4008	99	71
4009	98	79
4010	101	93
4011	108	111
4012	119	135
4013	134	157
4014	149	175
4015	164	189
4016	175	195
4017	183	195
4018	187	189
4019	187	179
4020	181	166
4021	173	153
4022	162	144
4023	150	135
4024	140	133
4025	131	134
4026	125	139
4027	122	147
4028	122	155
4029	124	162
4030	127	165
4031	129	164
4032	130	158
4033	129	147
4034	125	131
4035	119	114
4036	111	97
4037	101	84
4038	93	74
4039	86	73
4040	82	76
4041	83	87
4042	88	103
4043	98	122
4044	111	143
4045	126	160
4046	141	175
4047	155	185
4048	166	187
4049	174	186
4050	176	181
4051	176	171
4052	172	162
4053	165	154
4054	157	150
4055	150	150
4056	144	154
4057	140	162
4058	139	172
4059	141	185
4060	144	193
4061	147	199
4062	150	199
4063	150	194
4064	149	182
4065	144	166
4066	135	148
4067	124	127
4068	111	109
4069	99	95
4070	88	88
4071	80	86
4072	76	90
4073	76	101
4074	81	117
4075	90	133
4076	103	150
4077	117	163
4078	131	173
4079	142	176
4080	151	176
4081	157	172
4082	158	165
4083	158	157
4084	155	151
4085	150	150
4086	146	151
4087	144	158
4088	143	169
4089	145	184
4090	145	184
4091	149	199
4092	155	213
4093	161	223
4094	167	228
4095	170	226
