
TIME STEP:
125 = 1ms

VOLTAGE STEP:
CH1:  32 = 0.5V~
CH2:  32 = 0.5V~

N	CH1	CH2

0	120	120
1	120	112
2	120	102
3	120	99
4	122	101
5	123	111
6	124	125
7	127	143
8	129	159
9	131	174
10	133	185
11	136	192
12	138	192
13	139	189
14	140	182
15	141	173
16	141	165
17	141	159
18	140	157
19	139	159
20	137	166
21	136	177
22	134	189
23	132	202
24	131	213
25	129	218
26	127	218
27	126	213
28	125	200
29	123	182
30	122	161
31	121	140
32	120	121
33	118	106
34	118	97
35	118	96
36	118	99
37	119	109
38	120	122
39	121	136
40	124	149
41	126	159
42	128	163
43	131	163
44	133	159
45	135	152
46	137	143
47	138	135
48	139	130
49	140	129
50	140	133
51	140	142
52	139	155
53	139	171
54	138	188
55	137	202
56	136	213
57	135	216
58	133	216
59	132	207
60	130	194
61	128	175
62	126	155
63	124	136
64	123	120
65	121	108
66	119	102
67	118	102
68	117	107
69	117	116
70	117	126
71	118	136
72	120	143
73	122	145
74	124	144
75	126	138
76	128	128
77	130	116
78	132	106
79	133	98
80	135	96
81	136	98
82	137	107
83	138	122
84	138	139
85	139	159
86	139	177
87	139	193
88	139	203
89	139	204
90	138	203
91	137	193
92	136	179
93	134	162
94	132	145
95	129	131
96	127	120
97	124	113
98	122	112
99	120	115
100	119	121
101	118	129
102	118	137
103	117	141
104	118	141
105	120	138
106	120	128
107	122	116
108	123	101
109	125	87
110	126	76
111	128	68
112	129	67
113	131	73
114	132	85
115	134	101
116	135	121
117	137	141
118	138	158
119	139	173
120	140	181
121	141	182
122	141	179
123	141	169
124	140	157
125	138	143
126	136	131
127	134	121
128	132	117
129	129	117
130	127	122
131	125	129
132	123	138
133	121	145
134	120	149
135	119	149
136	119	144
137	119	133
138	119	118
139	120	100
140	120	82
141	121	66
142	122	54
143	123	47
144	123	48
145	125	56
146	127	69
147	129	86
148	131	104
149	133	122
150	135	137
151	137	148
152	139	151
153	140	151
154	141	147
155	142	137
156	142	127
157	141	118
158	140	111
159	138	109
160	136	111
161	134	118
162	132	128
163	130	139
164	128	150
165	127	157
166	125	158
167	124	155
168	123	147
169	121	131
170	121	112
171	120	91
172	120	71
173	119	54
174	118	43
175	119	38
176	120	40
177	120	48
178	122	61
179	123	76
180	125	92
181	128	105
182	130	115
183	133	120
184	135	120
185	137	115
186	139	108
187	140	99
188	141	92
189	141	88
190	141	87
191	140	92
192	139	101
193	138	114
194	136	129
195	135	143
196	134	154
197	132	161
198	131	161
199	129	156
200	128	145
201	126	128
202	125	107
203	123	86
204	121	67
205	120	52
206	118	42
207	118	40
208	117	43
209	117	51
210	118	62
211	119	75
212	121	86
213	123	93
214	125	95
215	128	94
216	130	88
217	132	80
218	134	70
219	136	61
220	137	57
221	138	56
222	139	61
223	139	72
224	139	87
225	139	104
226	139	123
227	139	139
228	138	151
229	137	156
230	136	156
231	135	149
232	133	136
233	131	119
234	129	100
235	128	83
236	125	67
237	123	57
238	120	51
239	119	52
240	118	56
241	117	64
242	116	73
243	117	81
244	118	86
245	119	86
246	121	82
247	123	74
248	125	62
249	127	49
250	129	38
251	131	29
252	132	27
253	133	28
254	135	37
255	136	52
256	137	71
257	138	91
258	139	110
259	140	127
260	140	138
261	140	142
262	140	141
263	140	133
264	138	121
265	137	105
266	135	90
267	133	77
268	130	68
269	127	63
270	125	64
271	123	68
272	121	75
273	120	83
274	119	89
275	118	91
276	118	91
277	118	86
278	119	74
279	120	59
280	121	43
281	122	27
282	123	14
283	125	6
284	126	5
285	128	9
286	129	20
287	131	37
288	133	56
289	135	76
290	137	94
291	138	108
292	140	117
293	141	118
294	142	116
295	142	108
296	141	97
297	141	86
298	139	75
299	137	69
300	135	67
301	132	68
302	130	75
303	128	85
304	126	93
305	124	102
306	123	106
307	121	106
308	121	101
309	120	88
310	120	73
311	119	53
312	119	33
313	119	16
314	119	2
315	120	0
316	121	0
317	122	1
318	124	13
319	125	29
320	128	47
321	130	64
322	132	79
323	135	87
324	137	91
325	139	91
326	140	86
327	141	78
328	141	69
329	141	61
330	141	57
331	140	58
332	139	62
333	137	71
334	135	83
335	133	96
336	132	108
337	130	117
338	128	119
339	127	117
340	125	108
341	124	93
342	123	75
343	121	53
344	120	33
345	119	15
346	118	3
347	118	0
348	118	0
349	118	5
350	119	17
351	120	31
352	122	45
353	125	57
354	127	65
355	130	68
356	132	67
357	134	62
358	136	54
359	138	45
360	139	38
361	140	35
362	140	36
363	140	42
364	140	54
365	139	69
366	139	87
367	138	103
368	137	116
369	135	124
370	134	125
371	133	121
372	131	110
373	129	94
374	127	76
375	125	56
376	123	38
377	121	23
378	120	14
379	118	12
380	117	14
381	117	21
382	117	31
383	118	41
384	119	51
385	120	56
386	122	56
387	124	55
388	127	46
389	129	36
390	131	25
391	133	16
392	134	11
393	136	11
394	137	17
395	137	28
396	138	45
397	139	64
398	139	84
399	140	102
400	140	115
401	139	123
402	139	123
403	138	117
404	137	106
405	135	91
406	133	74
407	131	58
408	128	45
409	126	36
410	123	32
411	121	33
412	119	38
413	118	46
414	117	54
415	117	61
416	117	63
417	118	63
418	119	57
419	121	46
420	122	33
421	124	19
422	126	6
423	127	0
424	129	0
425	130	0
426	132	3
427	133	18
428	135	37
429	136	58
430	138	78
431	139	94
432	140	107
433	141	112
434	141	112
435	141	106
436	141	95
437	139	83
438	138	69
439	136	58
440	133	51
441	131	50
442	128	51
443	126	58
444	124	66
445	122	75
446	121	82
447	119	84
448	119	83
449	119	75
450	119	63
451	119	47
452	120	29
453	120	11
454	121	0
455	122	0
456	123	0
457	124	0
458	126	0
459	128	15
460	130	34
461	132	53
462	134	71
463	136	85
464	138	93
465	140	94
466	141	93
467	142	87
468	142	77
469	142	68
470	141	60
471	139	56
472	138	56
473	135	61
474	133	70
475	131	81
476	129	92
477	128	102
478	126	107
479	124	107
480	123	102
481	122	89
482	121	74
483	120	53
484	120	33
485	119	15
486	119	0
487	119	0
488	119	0
489	120	0
490	121	7
491	122	21
492	124	38
493	127	54
494	129	67
495	132	75
496	134	77
497	137	76
498	138	70
499	140	64
500	141	56
501	141	50
502	141	48
503	141	50
504	140	57
505	139	69
506	137	83
507	136	98
508	135	112
509	133	122
510	132	126
511	130	125
512	129	118
513	127	103
514	125	85
515	124	65
516	122	45
517	120	27
518	119	15
519	118	9
520	117	9
521	117	16
522	117	26
523	118	38
524	120	51
525	122	61
526	124	68
527	127	68
528	129	66
529	131	59
530	133	50
531	135	41
532	136	34
533	138	33
534	139	34
535	139	42
536	140	56
537	140	73
538	140	92
539	139	110
540	139	125
541	138	135
542	137	137
543	136	136
544	134	126
545	133	111
546	131	94
547	128	76
548	126	59
549	124	46
550	122	38
551	120	37
552	118	39
553	117	46
554	117	55
555	117	64
556	117	72
557	119	75
558	120	75
559	122	69
560	124	59
561	126	48
562	128	35
563	130	25
564	131	19
565	133	19
566	134	25
567	135	38
568	137	55
569	138	75
570	139	96
571	140	115
572	140	130
573	140	138
574	140	139
575	140	137
576	140	127
577	138	113
578	136	98
579	134	85
580	131	74
581	129	67
582	126	66
583	124	67
584	122	74
585	120	82
586	119	90
587	118	96
588	118	97
589	118	95
590	118	87
591	120	76
592	121	61
593	122	45
594	123	30
595	124	19
596	125	15
597	127	16
598	129	25
599	130	39
600	132	57
601	134	78
602	136	98
603	137	115
604	139	127
605	141	134
606	141	134
607	142	129
608	142	120
609	141	109
610	140	98
611	138	89
612	136	85
613	134	85
614	132	90
615	129	98
616	127	109
617	125	119
618	124	126
619	122	128
620	121	127
621	120	119
622	120	106
623	120	88
624	120	70
625	119	51
626	119	35
627	120	25
628	121	22
629	122	24
630	123	34
631	125	49
632	127	66
633	129	85
634	131	100
635	133	113
636	136	121
637	138	122
638	139	120
639	141	114
640	142	106
641	142	99
642	142	92
643	141	91
644	140	93
645	138	100
646	136	112
647	135	125
648	133	138
649	131	150
650	129	157
651	128	157
652	126	153
653	125	142
654	123	125
655	122	105
656	121	85
657	120	66
658	119	52
659	118	42
660	118	41
661	118	44
662	119	54
663	120	68
664	121	83
665	124	96
666	126	107
667	128	114
668	131	114
669	133	112
670	135	105
671	137	98
672	138	90
673	140	86
674	140	85
675	140	88
676	140	98
677	140	111
678	139	129
679	138	146
680	137	160
681	136	173
682	135	178
683	134	178
684	132	171
685	130	159
686	129	142
687	127	123
688	125	104
689	122	88
690	121	76
691	119	70
692	118	71
693	117	76
694	117	85
695	117	95
696	118	106
697	119	115
698	122	118
699	124	118
700	126	113
701	128	104
702	130	93
703	132	84
704	134	77
705	135	75
706	136	77
707	137	86
708	138	100
709	139	119
710	139	139
711	140	158
712	140	175
713	140	186
714	139	190
715	139	189
716	137	181
717	136	168
718	134	152
719	132	136
720	130	122
721	127	111
722	125	104
723	123	103
724	121	107
725	119	114
726	118	123
727	117	131
728	118	137
729	118	137
730	119	135
731	120	127
732	122	116
733	123	102
734	125	89
735	126	78
736	128	71
737	130	70
738	131	75
739	132	87
740	134	104
741	136	126
742	137	150
743	139	168
744	140	183
745	141	191
746	142	192
747	142	189
748	141	179
749	140	167
750	139	153
751	137	143
752	135	135
753	132	132
754	130	133
755	127	139
756	125	147
757	123	156
758	122	163
759	121	168
760	120	168
761	119	163
762	119	153
763	119	138
764	120	121
765	120	103
766	121	89
767	122	78
768	122	74
769	123	75
770	125	85
771	127	99
772	129	117
773	131	136
774	133	154
775	135	169
776	137	180
777	139	184
778	141	184
779	142	179
780	142	170
781	142	161
782	141	153
783	140	148
784	138	147
785	136	150
786	134	158
787	132	168
788	130	181
789	128	192
790	127	199
791	125	200
792	124	199
793	123	189
794	122	174
795	121	155
796	120	135
797	119	116
798	119	101
799	119	90
800	119	88
801	119	91
802	120	100
803	122	114
804	123	131
805	125	147
806	128	160
807	131	170
808	133	175
809	135	175
810	137	170
811	139	163
812	140	155
813	141	149
814	141	146
815	141	147
816	140	153
817	139	163
818	138	177
819	137	193
820	135	208
821	134	219
822	132	226
823	131	226
824	130	221
825	128	210
826	126	193
827	124	173
828	123	153
829	121	135
830	120	121
831	118	113
832	118	112
833	117	117
834	117	126
835	118	138
836	120	151
837	121	162
838	123	169
839	126	171
840	128	170
841	130	164
842	133	156
843	135	147
844	136	140
845	137	136
846	139	137
847	139	143
848	140	154
849	140	171
850	140	189
851	139	209
852	139	225
853	139	236
854	138	242
855	136	242
856	135	234
857	134	221
858	132	204
859	129	187
860	127	169
861	125	156
862	122	147
863	120	143
864	119	144
865	118	150
866	117	158
867	117	168
868	117	176
869	119	181
870	120	181
871	121	178
872	123	169
873	125	158
874	127	146
875	129	135
876	131	127
877	132	126
878	134	129
879	135	139
880	136	154
881	137	174
882	138	195
883	139	215
884	140	231
885	140	242
886	140	246
887	140	245
888	140	236
889	138	224
890	137	209
891	135	194
892	132	182
893	130	175
894	127	172
895	125	173
896	123	179
897	121	186
898	120	195
899	119	201
900	118	204
901	118	204
902	119	198
903	120	187
904	120	172
905	122	156
906	123	142
907	124	129
908	125	122
909	126	122
910	128	128
911	130	140
912	131	157
913	133	176
914	135	197
915	137	214
916	138	229
917	140	237
918	141	238
919	142	236
920	142	228
921	141	217
922	140	206
923	139	197
924	137	190
925	135	189
926	132	192
927	130	199
928	127	210
929	126	220
930	124	229
931	123	233
932	122	233
933	121	227
934	120	215
935	120	199
936	120	180
937	120	161
938	120	144
939	120	132
940	121	126
941	121	127
942	123	134
943	124	147
944	126	163
945	128	181
946	130	198
947	132	211
948	135	220
949	137	223
950	139	223
951	140	218
952	141	210
953	141	201
954	141	195
955	141	191
956	140	192
957	138	197
958	137	208
959	135	220
960	133	233
961	132	246
962	130	255
963	128	255
964	127	255
965	125	246
966	124	231
967	123	212
968	122	191
969	121	171
970	119	154
971	119	143
972	118	140
973	118	141
974	118	149
975	119	160
976	121	174
977	123	189
978	125	201
979	127	209
980	130	210
981	132	208
982	134	203
983	136	195
984	138	186
985	139	180
986	140	179
987	140	180
988	140	187
989	140	199
990	139	215
991	138	233
992	137	249
993	136	255
994	135	255
995	134	255
996	133	255
997	131	255
998	129	239
999	127	220
1000	126	201
1001	123	184
1002	122	170
1003	120	161
1004	119	160
1005	118	163
1006	117	171
1007	117	181
1008	118	192
1009	119	201
1010	121	206
1011	123	206
1012	125	202
1013	127	194
1014	129	183
1015	131	171
1016	133	163
1017	134	159
1018	136	160
1019	137	167
1020	137	179
1021	138	196
1022	139	216
1023	139	235
1024	139	253
1025	139	255
1026	139	255
1027	139	255
1028	138	255
1029	136	254
1030	135	238
1031	133	221
1032	130	206
1033	128	194
1034	125	187
1035	123	184
1036	121	185
1037	120	191
1038	118	199
1039	118	207
1040	118	213
1041	118	215
1042	119	214
1043	120	207
1044	121	197
1045	123	183
1046	124	168
1047	126	156
1048	127	147
1049	130	145
1050	130	146
1051	132	155
1052	133	170
1053	135	189
1054	136	210
1055	138	230
1056	139	247
1057	140	255
1058	141	255
1059	141	255
1060	141	254
1061	141	244
1062	139	230
1063	137	217
1064	135	206
1065	133	200
1066	130	199
1067	128	202
1068	126	209
1069	124	218
1070	122	227
1071	121	233
1072	120	234
1073	120	233
1074	119	224
1075	120	211
1076	120	195
1077	120	177
1078	121	159
1079	121	146
1080	122	137
1081	123	136
1082	124	140
1083	126	151
1084	128	166
1085	130	184
1086	132	203
1087	134	220
1088	136	233
1089	138	241
1090	140	241
1091	141	239
1092	141	231
1093	141	222
1094	141	212
1095	140	204
1096	139	200
1097	137	201
1098	135	206
1099	133	215
1100	131	226
1101	129	238
1102	127	249
1103	126	253
1104	125	253
1105	124	246
1106	122	233
1107	122	216
1108	120	196
1109	120	175
1110	119	156
1111	119	143
1112	119	135
1113	119	135
1114	120	140
1115	121	151
1116	123	166
1117	124	182
1118	127	197
1119	129	209
1120	132	215
1121	134	216
1122	136	215
1123	138	209
1124	139	200
1125	140	193
1126	141	187
1127	141	186
1128	140	188
1129	140	195
1130	138	207
1131	137	221
1132	136	236
1133	134	249
1134	133	255
1135	131	255
1136	130	255
1137	129	251
1138	127	237
1139	125	218
1140	124	197
1141	122	177
1142	120	160
1143	119	149
1144	118	143
1145	118	144
1146	118	150
1147	118	159
1148	119	172
1149	121	184
1150	122	194
1151	124	199
1152	127	199
1153	129	195
1154	131	186
1155	133	176
1156	135	167
1157	137	161
1158	137	160
1159	138	161
1160	139	169
1161	139	183
1162	139	199
1163	139	219
1164	139	236
1165	138	251
1166	138	255
1167	137	255
1168	136	255
1169	134	246
1170	132	231
1171	130	213
1172	128	195
1173	126	179
1174	124	166
1175	121	158
1176	120	157
1177	119	160
1178	118	166
1179	117	175
1180	117	183
1181	118	190
1182	119	192
1183	121	191
1184	122	184
1185	124	174
1186	126	161
1187	128	149
1188	130	139
1189	131	133
1190	133	132
1191	134	139
1192	135	151
1193	136	168
1194	137	188
1195	138	208
1196	139	226
1197	140	240
1198	140	248
1199	140	248
1200	140	243
1201	139	232
1202	137	218
1203	135	202
1204	133	187
1205	131	177
1206	129	171
1207	126	170
1208	124	172
1209	122	179
1210	120	186
1211	119	193
1212	119	199
1213	119	199
1214	118	195
1215	119	187
1216	120	173
1217	121	157
1218	122	141
1219	123	127
1220	124	116
1221	126	112
1222	127	113
1223	128	121
1224	130	135
1225	132	153
1226	133	173
1227	135	192
1228	137	208
1229	139	219
1230	140	223
1231	141	223
1232	141	217
1233	141	207
1234	141	195
1235	139	184
1236	138	175
1237	136	170
1238	133	170
1239	131	176
1240	129	184
1241	127	195
1242	125	203
1243	124	210
1244	122	211
1245	121	208
1246	120	199
1247	120	185
1248	120	166
1249	120	147
1250	120	128
1251	120	112
1252	120	102
1253	121	99
1254	121	101
1255	123	111
1256	124	125
1257	126	142
1258	129	159
1259	131	174
1260	133	185
1261	136	192
1262	138	192
1263	139	189
1264	141	182
1265	141	173
1266	141	164
1267	141	159
1268	140	157
1269	139	159
1270	137	166
1271	136	177
1272	134	189
1273	132	202
1274	131	213
1275	129	219
1276	127	219
1277	126	213
1278	125	199
1279	124	182
1280	122	161
1281	121	140
1282	120	121
1283	119	107
1284	118	97
1285	118	96
1286	118	100
1287	118	109
1288	120	122
1289	121	136
1290	123	149
1291	126	158
1292	128	163
1293	131	163
1294	133	159
1295	135	152
1296	137	143
1297	138	135
1298	139	130
1299	140	129
1300	140	133
1301	140	142
1302	139	155
1303	138	171
1304	138	188
1305	137	202
1306	136	214
1307	135	216
1308	134	216
1309	132	207
1310	130	193
1311	128	175
1312	126	155
1313	124	137
1314	122	120
1315	121	108
1316	119	102
1317	118	102
1318	117	107
1319	117	116
1320	117	127
1321	118	136
1322	119	143
1323	122	145
1324	124	144
1325	126	137
1326	128	128
1327	130	117
1328	132	105
1329	134	98
1330	135	96
1331	136	98
1332	137	107
1333	138	122
1334	138	139
1335	139	159
1336	139	177
1337	139	193
1338	139	202
1339	139	204
1340	138	202
1341	137	193
1342	136	179
1343	134	162
1344	131	146
1345	129	131
1346	127	120
1347	124	113
1348	122	112
1349	120	114
1350	119	121
1351	118	129
1352	117	137
1353	117	141
1354	118	141
1355	119	137
1356	120	128
1357	122	116
1358	123	101
1359	125	87
1360	127	76
1361	128	69
1362	130	68
1363	131	73
1364	132	85
1365	134	101
1366	135	121
1367	137	141
1368	138	159
1369	140	173
1370	140	182
1371	141	182
1372	141	179
1373	141	169
1374	140	157
1375	138	143
1376	137	131
1377	134	121
1378	132	117
1379	129	117
1380	127	122
1381	125	129
1382	123	137
1383	121	145
1384	120	149
1385	120	149
1386	119	144
1387	119	133
1388	119	118
1389	119	100
1390	120	83
1391	121	66
1392	121	54
1393	122	48
1394	124	49
1395	125	56
1396	127	69
1397	129	86
1398	131	104
1399	133	122
1400	135	137
1401	137	148
1402	139	152
1403	140	151
1404	141	146
1405	142	137
1406	142	127
1407	141	118
1408	140	111
1409	138	110
1410	137	111
1411	134	118
1412	132	128
1413	130	139
1414	128	150
1415	126	157
1416	125	158
1417	124	156
1418	123	147
1419	122	131
1420	121	112
1421	120	91
1422	119	71
1423	119	55
1424	118	42
1425	119	38
1426	119	39
1427	120	48
1428	121	61
1429	123	77
1430	125	92
1431	128	104
1432	130	115
1433	133	119
1434	135	119
1435	137	115
1436	139	108
1437	140	99
1438	141	92
1439	141	88
1440	141	88
1441	140	91
1442	139	101
1443	138	114
1444	137	129
1445	135	143
1446	134	155
1447	132	161
1448	131	161
1449	129	155
1450	128	145
1451	126	128
1452	124	107
1453	123	86
1454	121	67
1455	120	52
1456	118	42
1457	118	41
1458	117	43
1459	117	51
1460	117	63
1461	119	75
1462	121	86
1463	123	93
1464	125	95
1465	127	94
1466	130	88
1467	132	80
1468	134	70
1469	136	61
1470	137	56
1471	138	56
1472	139	61
1473	139	72
1474	139	87
1475	139	104
1476	139	123
1477	139	139
1478	138	151
1479	137	156
1480	136	156
1481	135	149
1482	133	136
1483	131	119
1484	129	100
1485	127	83
1486	125	67
1487	123	56
1488	121	51
1489	119	52
1490	118	56
1491	117	64
1492	117	73
1493	117	81
1494	118	86
1495	119	86
1496	121	82
1497	123	74
1498	125	61
1499	127	50
1500	129	38
1501	131	29
1502	132	26
1503	134	28
1504	135	38
1505	136	52
1506	137	71
1507	138	91
1508	139	111
1509	140	127
1510	140	138
1511	140	142
1512	140	141
1513	140	133
1514	138	120
1515	137	105
1516	135	90
1517	132	77
1518	130	68
1519	127	63
1520	125	63
1521	123	67
1522	121	75
1523	119	83
1524	118	89
1525	118	92
1526	118	92
1527	118	86
1528	119	74
1529	120	60
1530	121	43
1531	122	28
1532	123	14
1533	125	6
1534	126	5
1535	128	9
1536	129	21
1537	131	37
1538	133	56
1539	135	76
1540	137	94
1541	139	108
1542	140	117
1543	141	118
1544	142	116
1545	142	108
1546	141	97
1547	141	86
1548	139	76
1549	137	69
1550	135	67
1551	132	69
1552	130	75
1553	128	85
1554	126	94
1555	124	101
1556	123	107
1557	122	107
1558	121	101
1559	120	89
1560	120	73
1561	119	54
1562	119	33
1563	119	16
1564	120	2
1565	120	0
1566	121	0
1567	122	1
1568	124	14
1569	125	29
1570	127	47
1571	130	64
1572	132	78
1573	135	88
1574	137	91
1575	139	91
1576	140	86
1577	142	78
1578	142	69
1579	142	61
1580	141	57
1581	140	57
1582	139	62
1583	137	71
1584	135	83
1585	133	96
1586	131	108
1587	130	117
1588	128	119
1589	127	118
1590	125	108
1591	124	93
1592	123	74
1593	121	53
1594	120	33
1595	119	15
1596	118	3
1597	118	0
1598	118	0
1599	118	5
1600	119	17
1601	121	31
1602	122	45
1603	125	57
1604	127	65
1605	130	67
1606	132	67
1607	134	61
1608	136	54
1609	138	45
1610	139	38
1611	140	35
1612	140	36
1613	140	42
1614	140	54
1615	139	70
1616	139	86
1617	138	102
1618	137	116
1619	135	124
1620	134	125
1621	133	121
1622	131	111
1623	129	94
1624	127	76
1625	126	56
1626	123	38
1627	121	23
1628	120	14
1629	118	12
1630	117	14
1631	117	21
1632	117	31
1633	118	42
1634	119	51
1635	120	56
1636	122	57
1637	124	54
1638	127	46
1639	129	36
1640	131	25
1641	133	16
1642	135	11
1643	136	11
1644	137	17
1645	138	29
1646	138	45
1647	139	64
1648	140	85
1649	140	102
1650	140	115
1651	140	123
1652	139	123
1653	138	118
1654	137	106
1655	135	91
1656	133	75
1657	130	58
1658	128	45
1659	126	36
1660	123	32
1661	121	33
1662	119	38
1663	118	46
1664	117	54
1665	117	61
1666	118	63
1667	118	63
1668	119	57
1669	121	47
1670	122	33
1671	124	19
1672	126	6
1673	127	0
1674	129	0
1675	130	0
1676	132	3
1677	134	18
1678	135	37
1679	136	58
1680	138	78
1681	139	95
1682	140	107
1683	141	112
1684	141	112
1685	141	106
1686	141	95
1687	139	83
1688	138	69
1689	135	58
1690	133	51
1691	131	50
1692	128	52
1693	126	59
1694	124	66
1695	122	75
1696	121	82
1697	120	84
1698	119	83
1699	119	75
1700	119	62
1701	119	46
1702	120	29
1703	120	11
1704	121	0
1705	122	0
1706	123	0
1707	125	0
1708	126	0
1709	128	15
1710	129	34
1711	132	53
1712	134	71
1713	136	85
1714	138	93
1715	140	94
1716	141	93
1717	142	87
1718	142	77
1719	141	67
1720	141	60
1721	139	55
1722	137	56
1723	135	61
1724	134	69
1725	131	81
1726	129	92
1727	127	101
1728	126	107
1729	125	107
1730	123	102
1731	122	90
1732	121	73
1733	120	53
1734	120	33
1735	119	15
1736	119	0
1737	119	0
1738	119	0
1739	120	0
1740	121	7
1741	122	22
1742	124	38
1743	127	54
1744	129	67
1745	132	75
1746	135	78
1747	137	77
1748	138	71
1749	140	63
1750	141	56
1751	141	50
1752	141	49
1753	141	50
1754	140	57
1755	139	68
1756	137	83
1757	136	98
1758	135	112
1759	133	122
1760	132	126
1761	130	125
1762	129	118
1763	127	103
1764	125	86
1765	124	65
1766	122	45
1767	120	27
1768	119	15
1769	118	9
1770	117	9
1771	117	16
1772	118	26
1773	119	38
1774	120	51
1775	121	61
1776	124	67
1777	126	68
1778	129	66
1779	131	59
1780	133	50
1781	135	41
1782	137	35
1783	138	33
1784	139	34
1785	139	43
1786	139	56
1787	140	73
1788	140	91
1789	139	109
1790	139	125
1791	138	135
1792	137	137
1793	136	136
1794	135	126
1795	133	111
1796	131	94
1797	128	76
1798	126	60
1799	124	47
1800	122	38
1801	120	37
1802	118	39
1803	117	46
1804	117	55
1805	117	64
1806	118	72
1807	119	75
1808	120	75
1809	122	69
1810	124	59
1811	126	48
1812	128	35
1813	130	25
1814	131	19
1815	133	19
1816	134	25
1817	135	38
1818	137	56
1819	138	76
1820	139	96
1821	140	115
1822	140	129
1823	141	138
1824	141	139
1825	140	137
1826	139	127
1827	138	114
1828	136	98
1829	134	85
1830	131	73
1831	129	67
1832	126	66
1833	124	68
1834	122	74
1835	120	82
1836	119	90
1837	118	96
1838	118	97
1839	119	95
1840	119	88
1841	120	75
1842	121	61
1843	121	45
1844	123	30
1845	124	19
1846	126	15
1847	127	16
1848	129	25
1849	130	39
1850	132	57
1851	134	78
1852	136	98
1853	137	115
1854	139	127
1855	141	134
1856	142	134
1857	142	129
1858	142	120
1859	141	109
1860	140	98
1861	138	89
1862	136	86
1863	134	86
1864	132	90
1865	129	98
1866	127	108
1867	125	119
1868	124	126
1869	122	128
1870	121	128
1871	121	119
1872	120	106
1873	120	88
1874	120	69
1875	120	51
1876	120	36
1877	120	25
1878	121	22
1879	122	24
1880	123	33
1881	124	49
1882	127	66
1883	129	85
1884	131	100
1885	133	113
1886	136	121
1887	138	122
1888	139	121
1889	141	115
1890	142	106
1891	142	98
1892	142	92
1893	141	91
1894	140	93
1895	138	100
1896	136	112
1897	134	125
1898	133	138
1899	131	150
1900	129	157
1901	127	157
1902	126	153
1903	125	142
1904	124	125
1905	122	105
1906	121	85
1907	120	66
1908	119	52
1909	118	43
1910	118	41
1911	119	46
1912	119	54
1913	120	68
1914	121	83
1915	123	96
1916	126	107
1917	128	114
1918	131	114
1919	133	111
1920	135	105
1921	137	98
1922	139	90
1923	140	86
1924	140	85
1925	140	88
1926	140	98
1927	140	111
1928	139	128
1929	138	145
1930	137	160
1931	136	173
1932	135	178
1933	133	178
1934	132	171
1935	130	159
1936	128	142
1937	127	123
1938	125	104
1939	123	88
1940	121	76
1941	119	70
1942	118	70
1943	117	76
1944	117	85
1945	117	95
1946	118	106
1947	119	115
1948	121	118
1949	124	118
1950	126	113
1951	128	104
1952	130	94
1953	132	84
1954	134	77
1955	135	75
1956	136	77
1957	137	87
1958	138	100
1959	139	119
1960	139	139
1961	140	158
1962	140	175
1963	140	186
1964	140	190
1965	139	190
1966	138	181
1967	136	168
1968	134	152
1969	132	136
1970	129	122
1971	127	111
1972	124	104
1973	122	103
1974	120	107
1975	119	114
1976	118	123
1977	117	131
1978	118	136
1979	118	137
1980	119	135
1981	120	127
1982	122	116
1983	123	102
1984	125	89
1985	127	78
1986	128	71
1987	130	70
1988	131	75
1989	133	87
1990	134	104
1991	136	127
1992	137	150
1993	139	168
1994	140	183
1995	141	191
1996	141	192
1997	141	189
1998	141	179
1999	140	167
2000	139	153
2001	137	143
2002	134	135
2003	132	132
2004	129	133
2005	127	139
2006	125	147
2007	123	156
2008	122	164
2009	120	168
2010	120	168
2011	119	163
2012	119	153
2013	119	138
2014	120	121
2015	120	103
2016	121	88
2017	122	78
2018	123	74
2019	123	76
2020	125	85
2021	127	99
2022	129	117
2023	131	136
2024	133	154
2025	135	169
2026	137	180
2027	139	184
2028	141	184
2029	142	179
2030	142	170
2031	142	161
2032	141	152
2033	140	148
2034	138	147
2035	137	151
2036	134	157
2037	132	168
2038	130	181
2039	128	192
2040	127	199
2041	125	200
2042	124	199
2043	122	189
2044	122	174
2045	121	155
2046	120	135
2047	119	116
2048	119	101
2049	119	91
2050	119	89
2051	119	91
2052	120	100
2053	122	115
2054	123	131
2055	126	147
2056	128	161
2057	131	169
2058	133	175
2059	136	175
2060	137	170
2061	139	163
2062	140	155
2063	141	150
2064	141	146
2065	141	147
2066	141	152
2067	139	163
2068	138	178
2069	137	193
2070	135	207
2071	134	219
2072	133	227
2073	131	227
2074	129	221
2075	128	210
2076	126	193
2077	124	173
2078	123	153
2079	121	135
2080	120	121
2081	119	113
2082	118	112
2083	117	117
2084	117	126
2085	118	138
2086	119	151
2087	121	161
2088	123	169
2089	125	171
2090	128	170
2091	131	164
2092	133	156
2093	135	147
2094	136	140
2095	138	136
2096	138	137
2097	139	144
2098	139	155
2099	140	171
2100	140	190
2101	139	209
2102	139	225
2103	138	237
2104	138	242
2105	137	241
2106	135	234
2107	134	221
2108	132	204
2109	129	187
2110	127	170
2111	125	156
2112	123	147
2113	121	143
2114	119	144
2115	118	150
2116	117	158
2117	117	168
2118	117	176
2119	118	181
2120	120	181
2121	121	177
2122	123	169
2123	125	158
2124	127	146
2125	129	135
2126	131	127
2127	132	126
2128	134	130
2129	135	139
2130	136	154
2131	137	174
2132	138	195
2133	139	215
2134	140	231
2135	140	242
2136	140	246
2137	140	245
2138	140	236
2139	138	224
2140	137	209
2141	134	193
2142	132	182
2143	130	175
2144	127	172
2145	125	173
2146	123	179
2147	121	186
2148	120	195
2149	119	201
2150	119	204
2151	118	204
2152	119	198
2153	120	187
2154	120	172
2155	122	156
2156	122	141
2157	124	129
2158	125	122
2159	127	122
2160	128	127
2161	130	140
2162	131	156
2163	133	176
2164	135	197
2165	137	215
2166	138	229
2167	140	237
2168	141	238
2169	142	236
2170	142	228
2171	141	217
2172	140	206
2173	139	197
2174	137	190
2175	135	189
2176	132	192
2177	130	200
2178	128	211
2179	126	221
2180	124	229
2181	123	233
2182	122	233
2183	121	227
2184	120	215
2185	120	199
2186	120	180
2187	120	161
2188	120	144
2189	120	132
2190	120	126
2191	121	127
2192	122	134
2193	124	148
2194	126	163
2195	128	181
2196	130	198
2197	132	211
2198	135	221
2199	137	223
2200	139	223
2201	140	218
2202	141	210
2203	141	201
2204	141	194
2205	141	191
2206	140	192
2207	138	198
2208	137	208
2209	135	221
2210	133	233
2211	131	246
2212	130	255
2213	128	255
2214	127	255
2215	125	247
2216	124	231
2217	123	212
2218	122	191
2219	120	171
2220	119	154
2221	119	144
2222	118	140
2223	118	141
2224	119	149
2225	120	161
2226	121	175
2227	123	189
2228	125	201
2229	128	209
2230	130	209
2231	133	208
2232	134	202
2233	136	195
2234	138	187
2235	139	180
2236	140	179
2237	140	180
2238	140	187
2239	139	199
2240	139	215
2241	138	233
2242	137	249
2243	136	255
2244	135	255
2245	134	255
2246	133	255
2247	131	254
2248	129	239
2249	127	220
2250	126	201
2251	123	184
2252	122	169
2253	120	161
2254	119	160
2255	117	163
2256	117	171
2257	117	182
2258	118	192
2259	119	200
2260	121	206
2261	123	206
2262	125	202
2263	127	194
2264	129	183
2265	131	172
2266	133	164
2267	134	159
2268	136	160
2269	137	166
2270	138	179
2271	138	196
2272	139	216
2273	139	235
2274	139	253
2275	139	255
2276	139	255
2277	139	255
2278	138	255
2279	136	254
2280	135	238
2281	133	223
2282	130	206
2283	128	194
2284	126	186
2285	123	184
2286	121	185
2287	119	190
2288	118	199
2289	117	207
2290	117	213
2291	118	215
2292	119	214
2293	120	207
2294	121	196
2295	123	183
2296	124	168
2297	126	155
2298	127	147
2299	129	144
2300	131	146
2301	132	155
2302	133	170
2303	135	189
2304	136	210
2305	137	230
2306	139	247
2307	140	255
2308	141	255
2309	141	255
2310	141	254
2311	140	243
2312	139	230
2313	137	217
2314	135	206
2315	133	200
2316	130	199
2317	128	202
2318	126	210
2319	124	218
2320	122	226
2321	121	233
2322	120	234
2323	120	233
2324	119	224
2325	119	211
2326	120	194
2327	121	177
2328	121	159
2329	121	145
2330	122	137
2331	123	136
2332	125	140
2333	126	151
2334	128	166
2335	130	184
2336	132	203
2337	134	220
2338	136	233
2339	138	240
2340	139	241
2341	141	239
2342	141	231
2343	141	221
2344	141	212
2345	140	204
2346	139	199
2347	137	200
2348	135	206
2349	133	215
2350	131	226
2351	129	238
2352	127	248
2353	126	253
2354	125	253
2355	123	246
2356	123	233
2357	121	216
2358	121	195
2359	120	175
2360	119	156
2361	119	144
2362	119	135
2363	119	135
2364	120	140
2365	121	152
2366	122	166
2367	125	182
2368	127	197
2369	129	209
2370	132	215
2371	134	216
2372	137	216
2373	138	209
2374	139	201
2375	140	193
2376	140	187
2377	140	186
2378	140	187
2379	139	195
2380	138	206
2381	137	221
2382	136	236
2383	134	250
2384	133	255
2385	131	255
2386	130	255
2387	129	252
2388	127	236
2389	125	218
2390	124	197
2391	122	177
2392	121	160
2393	119	149
2394	118	143
2395	117	144
2396	117	150
2397	118	160
2398	119	172
2399	120	184
2400	122	193
2401	124	199
2402	127	199
2403	129	195
2404	131	186
2405	133	176
2406	135	168
2407	137	161
2408	137	160
2409	138	162
2410	139	170
2411	140	184
2412	140	201
2413	139	219
2414	139	236
2415	138	251
2416	138	255
2417	137	255
2418	136	255
2419	134	247
2420	133	231
2421	131	213
2422	128	195
2423	126	179
2424	124	166
2425	122	158
2426	120	157
2427	118	159
2428	118	166
2429	117	175
2430	117	184
2431	118	190
2432	119	192
2433	121	192
2434	122	185
2435	124	174
2436	126	161
2437	128	149
2438	130	139
2439	131	133
2440	133	133
2441	134	139
2442	135	151
2443	136	168
2444	137	188
2445	138	209
2446	139	226
2447	140	240
2448	140	248
2449	140	248
2450	140	243
2451	139	232
2452	138	218
2453	136	202
2454	134	188
2455	132	177
2456	129	171
2457	126	170
2458	124	172
2459	122	178
2460	120	186
2461	119	193
2462	119	199
2463	118	199
2464	118	195
2465	119	186
2466	120	173
2467	121	157
2468	122	141
2469	123	127
2470	124	116
2471	125	112
2472	127	113
2473	129	122
2474	130	135
2475	131	153
2476	133	173
2477	135	192
2478	137	208
2479	139	219
2480	140	224
2481	141	224
2482	141	217
2483	141	207
2484	141	195
2485	140	184
2486	138	175
2487	136	170
2488	134	171
2489	131	176
2490	129	185
2491	127	195
2492	125	203
2493	124	210
2494	122	211
2495	121	208
2496	121	199
2497	120	184
2498	120	166
2499	120	147
2500	119	128
2501	120	112
2502	120	102
2503	121	99
2504	122	101
2505	123	111
2506	125	125
2507	127	143
2508	129	159
2509	131	175
2510	133	185
2511	136	192
2512	138	192
2513	139	189
2514	140	182
2515	141	172
2516	141	165
2517	141	158
2518	140	157
2519	139	159
2520	137	166
2521	136	177
2522	134	190
2523	132	202
2524	131	213
2525	129	219
2526	128	219
2527	126	213
2528	125	200
2529	123	182
2530	122	161
2531	121	141
2532	120	121
2533	119	106
2534	118	97
2535	118	96
2536	118	100
2537	119	109
2538	120	123
2539	121	136
2540	123	149
2541	126	158
2542	128	163
2543	131	163
2544	133	159
2545	135	151
2546	137	143
2547	138	135
2548	140	130
2549	140	129
2550	140	133
2551	140	142
2552	140	155
2553	139	171
2554	138	187
2555	137	202
2556	136	213
2557	135	217
2558	134	216
2559	132	207
2560	130	193
2561	128	175
2562	126	155
2563	124	136
2564	122	120
2565	120	108
2566	119	102
2567	118	102
2568	117	107
2569	117	116
2570	117	126
2571	118	136
2572	120	143
2573	122	145
2574	124	144
2575	126	138
2576	128	128
2577	130	117
2578	132	105
2579	133	98
2580	135	96
2581	136	98
2582	137	107
2583	138	121
2584	138	139
2585	139	159
2586	139	177
2587	139	192
2588	139	203
2589	139	204
2590	138	203
2591	137	193
2592	136	179
2593	134	162
2594	132	146
2595	130	131
2596	127	120
2597	124	113
2598	122	112
2599	120	115
2600	119	121
2601	118	129
2602	117	137
2603	118	141
2604	118	141
2605	119	137
2606	120	128
2607	122	116
2608	123	101
2609	125	87
2610	126	76
2611	128	69
2612	130	68
2613	131	73
2614	132	85
2615	134	101
2616	135	121
2617	137	141
2618	138	159
2619	139	173
2620	140	181
2621	141	182
2622	141	179
2623	141	169
2624	140	157
2625	138	143
2626	136	131
2627	134	121
2628	132	117
2629	129	117
2630	127	122
2631	125	129
2632	123	138
2633	121	145
2634	120	149
2635	119	149
2636	119	144
2637	119	133
2638	119	118
2639	119	100
2640	120	82
2641	121	66
2642	121	53
2643	122	47
2644	124	48
2645	125	56
2646	126	68
2647	129	86
2648	131	104
2649	133	122
2650	135	137
2651	137	148
2652	139	151
2653	140	151
2654	141	146
2655	142	137
2656	142	127
2657	141	118
2658	140	111
2659	138	110
2660	136	111
2661	134	118
2662	132	128
2663	130	139
2664	128	150
2665	127	157
2666	125	158
2667	124	155
2668	123	146
2669	122	131
2670	120	112
2671	120	91
2672	119	71
2673	119	54
2674	119	43
2675	119	39
2676	119	40
2677	120	48
2678	121	61
2679	123	76
2680	125	92
2681	128	105
2682	130	115
2683	133	120
2684	135	120
2685	137	115
2686	139	108
2687	140	99
2688	141	92
2689	141	88
2690	141	87
2691	140	91
2692	139	101
2693	138	114
2694	136	128
2695	135	143
2696	134	154
2697	132	161
2698	131	161
2699	129	155
2700	128	145
2701	126	127
2702	124	107
2703	123	86
2704	121	68
2705	120	52
2706	118	42
2707	117	40
2708	117	43
2709	117	51
2710	118	63
2711	119	75
2712	121	86
2713	123	93
2714	125	95
2715	128	94
2716	130	88
2717	132	80
2718	134	70
2719	136	62
2720	137	57
2721	138	56
2722	138	61
2723	139	72
2724	139	87
2725	139	105
2726	139	123
2727	139	139
2728	138	151
2729	137	156
2730	136	156
2731	135	149
2732	134	136
2733	132	119
2734	130	100
2735	127	83
2736	125	67
2737	122	57
2738	121	51
2739	119	51
2740	118	56
2741	117	63
2742	117	72
2743	117	81
2744	118	85
2745	119	85
2746	121	82
2747	123	74
2748	125	62
2749	127	50
2750	129	37
2751	130	29
2752	132	26
2753	133	28
2754	135	37
2755	136	52
2756	137	71
2757	138	91
2758	139	111
2759	140	127
2760	140	138
2761	140	142
2762	140	141
2763	140	133
2764	138	120
2765	137	105
2766	135	90
2767	132	76
2768	130	67
2769	127	63
2770	125	63
2771	123	68
2772	121	75
2773	120	83
2774	118	89
2775	118	91
2776	118	91
2777	118	86
2778	119	75
2779	120	60
2780	121	43
2781	122	27
2782	123	14
2783	125	6
2784	126	5
2785	128	9
2786	129	21
2787	131	37
2788	133	57
2789	135	76
2790	136	94
2791	138	108
2792	140	117
2793	141	118
2794	142	116
2795	142	108
2796	142	97
2797	140	86
2798	139	76
2799	137	69
2800	135	67
2801	132	69
2802	130	75
2803	128	85
2804	126	93
2805	124	102
2806	123	106
2807	122	106
2808	121	100
2809	120	89
2810	120	72
2811	119	53
2812	119	34
2813	119	16
2814	119	2
2815	120	0
2816	121	0
2817	122	1
2818	123	13
2819	125	29
2820	128	47
2821	130	65
2822	132	78
2823	135	88
2824	137	90
2825	139	90
2826	140	86
2827	141	78
2828	142	69
2829	142	61
2830	141	57
2831	140	57
2832	138	62
2833	137	71
2834	135	83
2835	133	96
2836	131	108
2837	130	117
2838	128	119
2839	127	118
2840	125	108
2841	124	93
2842	123	75
2843	121	54
2844	120	33
2845	119	15
2846	118	3
2847	118	0
2848	118	0
2849	118	5
2850	119	17
2851	120	31
2852	122	45
2853	124	57
2854	127	65
2855	130	67
2856	132	67
2857	134	61
2858	136	53
2859	138	45
2860	139	38
2861	140	35
2862	140	36
2863	140	43
2864	140	55
2865	139	70
2866	138	87
2867	137	103
2868	137	116
2869	135	124
2870	134	125
2871	132	122
2872	131	111
2873	129	94
2874	127	76
2875	125	56
2876	123	38
2877	121	23
2878	119	14
2879	118	12
2880	117	14
2881	117	21
2882	117	31
2883	117	41
2884	119	51
2885	120	57
2886	123	57
2887	125	54
2888	127	47
2889	129	36
2890	131	25
2891	133	16
2892	135	11
2893	136	11
2894	137	17
2895	138	28
2896	138	45
2897	139	64
2898	140	85
2899	140	102
2900	140	115
2901	140	123
2902	139	123
2903	138	118
2904	137	106
2905	135	91
2906	133	74
2907	131	58
2908	128	45
2909	125	36
2910	123	32
2911	121	33
2912	120	38
2913	118	46
2914	117	55
2915	117	61
2916	118	63
2917	118	63
2918	119	57
2919	121	47
2920	122	33
2921	124	19
2922	126	5
2923	127	0
2924	129	0
2925	130	0
2926	132	3
2927	134	18
2928	135	37
2929	136	57
2930	138	78
2931	139	95
2932	140	107
2933	141	112
2934	141	112
2935	141	106
2936	141	95
2937	139	83
2938	138	69
2939	135	58
2940	133	52
2941	131	50
2942	128	52
2943	126	58
2944	124	66
2945	122	76
2946	121	81
2947	120	84
2948	119	83
2949	119	75
2950	119	63
2951	119	46
2952	119	29
2953	120	11
2954	121	0
2955	122	0
2956	123	0
2957	124	0
2958	126	0
2959	128	15
2960	130	34
2961	132	54
2962	134	71
2963	136	85
2964	138	93
2965	140	94
2966	141	93
2967	142	87
2968	142	78
2969	142	67
2970	141	60
2971	139	56
2972	137	56
2973	135	61
2974	134	69
2975	131	81
2976	130	92
2977	127	102
2978	126	107
2979	124	107
2980	123	102
2981	122	90
2982	121	74
2983	120	54
2984	120	33
2985	119	15
2986	119	0
2987	118	0
2988	119	0
2989	119	0
2990	121	7
2991	122	22
2992	124	38
2993	127	54
2994	129	67
2995	132	75
2996	134	77
2997	136	77
2998	138	71
2999	140	63
3000	140	56
3001	141	50
3002	141	48
3003	141	49
3004	140	57
3005	139	68
3006	138	84
3007	136	98
3008	135	112
3009	133	122
3010	132	126
3011	130	126
3012	129	117
3013	127	103
3014	125	86
3015	124	65
3016	122	45
3017	120	27
3018	119	15
3019	118	9
3020	118	9
3021	117	16
3022	117	26
3023	118	39
3024	120	51
3025	122	61
3026	124	68
3027	127	68
3028	129	66
3029	131	59
3030	133	50
3031	135	41
3032	137	35
3033	138	33
3034	139	34
3035	139	42
3036	139	56
3037	139	73
3038	139	91
3039	139	110
3040	139	125
3041	138	135
3042	137	137
3043	136	136
3044	134	126
3045	133	111
3046	131	94
3047	129	76
3048	126	60
3049	124	46
3050	122	38
3051	120	37
3052	118	38
3053	117	46
3054	117	55
3055	117	64
3056	118	72
3057	119	74
3058	120	74
3059	122	68
3060	124	60
3061	126	48
3062	128	35
3063	130	25
3064	131	19
3065	133	19
3066	134	26
3067	136	38
3068	137	55
3069	138	75
3070	139	96
3071	140	115
3072	140	130
3073	140	138
3074	140	139
3075	140	137
3076	139	127
3077	138	114
3078	136	99
3079	134	85
3080	131	74
3081	129	67
3082	126	66
3083	124	68
3084	122	74
3085	120	83
3086	119	90
3087	118	96
3088	118	97
3089	118	95
3090	119	88
3091	120	75
3092	121	61
3093	122	45
3094	123	30
3095	124	20
3096	125	15
3097	127	16
3098	128	25
3099	130	39
3100	132	57
3101	134	78
3102	136	97
3103	137	115
3104	139	127
3105	140	134
3106	141	134
3107	142	129
3108	142	120
3109	141	109
3110	140	98
3111	138	89
3112	136	85
3113	134	86
3114	131	90
3115	129	98
3116	127	108
3117	125	119
3118	124	126
3119	122	128
3120	122	127
3121	121	119
3122	120	106
3123	120	88
3124	119	70
3125	119	51
3126	120	35
3127	120	25
3128	120	22
3129	121	24
3130	123	34
3131	124	49
3132	127	66
3133	129	85
3134	131	101
3135	133	113
3136	136	121
3137	138	122
3138	139	121
3139	141	114
3140	141	106
3141	142	98
3142	142	93
3143	141	91
3144	139	93
3145	138	101
3146	136	112
3147	134	125
3148	132	138
3149	131	150
3150	129	156
3151	128	157
3152	126	153
3153	125	142
3154	123	125
3155	122	105
3156	121	86
3157	120	66
3158	119	52
3159	118	42
3160	118	41
3161	118	45
3162	119	54
3163	120	68
3164	122	83
3165	123	96
3166	126	107
3167	128	114
3168	131	114
3169	133	112
3170	135	105
3171	137	97
3172	139	90
3173	139	86
3174	140	85
3175	140	88
3176	140	98
3177	140	112
3178	139	128
3179	138	146
3180	137	161
3181	136	172
3182	135	179
3183	134	179
3184	132	171
3185	130	159
3186	128	142
3187	126	123
3188	125	104
3189	122	88
3190	121	76
3191	119	71
3192	118	71
3193	117	76
3194	117	85
3195	117	96
3196	118	106
3197	119	114
3198	121	118
3199	123	118
3200	126	113
3201	128	104
3202	130	93
3203	132	84
3204	134	77
3205	135	75
3206	137	77
3207	137	86
3208	138	100
3209	139	119
3210	139	139
3211	140	158
3212	140	175
3213	140	186
3214	139	190
3215	139	190
3216	138	181
3217	136	168
3218	134	152
3219	132	136
3220	129	122
3221	127	111
3222	125	104
3223	122	103
3224	121	106
3225	119	114
3226	118	123
3227	117	131
3228	117	137
3229	118	137
3230	119	135
3231	120	127
3232	122	116
3233	123	102
3234	125	88
3235	126	78
3236	128	71
3237	130	70
3238	131	75
3239	132	87
3240	134	104
3241	135	127
3242	137	150
3243	138	168
3244	140	183
3245	141	191
3246	141	191
3247	141	189
3248	141	179
3249	140	167
3250	139	153
3251	137	143
3252	135	135
3253	132	132
3254	130	133
3255	127	139
3256	125	147
3257	123	156
3258	122	164
3259	121	168
3260	120	168
3261	120	163
3262	119	153
3263	119	138
3264	120	121
3265	120	104
3266	121	89
3267	121	78
3268	122	74
3269	124	76
3270	125	84
3271	127	99
3272	129	117
3273	131	136
3274	133	154
3275	135	169
3276	138	180
3277	139	184
3278	141	184
3279	142	179
3280	142	170
3281	142	161
3282	141	152
3283	140	148
3284	138	147
3285	136	150
3286	134	157
3287	132	168
3288	130	181
3289	128	192
3290	127	200
3291	125	201
3292	124	199
3293	123	189
3294	122	174
3295	121	155
3296	120	135
3297	119	116
3298	119	101
3299	119	90
3300	119	89
3301	119	91
3302	120	100
3303	121	115
3304	124	131
3305	126	147
3306	128	160
3307	131	170
3308	133	175
3309	136	175
3310	137	170
3311	139	163
3312	140	155
3313	141	149
3314	141	147
3315	141	148
3316	140	153
3317	139	163
3318	138	177
3319	137	193
3320	135	208
3321	134	219
3322	132	226
3323	131	226
3324	129	221
3325	128	210
3326	126	193
3327	125	173
3328	123	153
3329	121	135
3330	120	121
3331	118	113
3332	117	112
3333	117	117
3334	117	126
3335	118	138
3336	119	151
3337	121	162
3338	123	169
3339	126	171
3340	128	171
3341	131	164
3342	133	156
3343	134	147
3344	136	139
3345	138	136
3346	138	137
3347	139	143
3348	140	155
3349	140	171
3350	140	189
3351	139	209
3352	139	225
3353	138	237
3354	138	242
3355	136	242
3356	135	234
3357	134	221
3358	132	204
3359	129	187
3360	127	169
3361	125	156
3362	122	147
3363	120	143
3364	119	144
3365	118	150
3366	117	158
3367	117	168
3368	117	176
3369	118	181
3370	120	181
3371	121	178
3372	123	169
3373	125	158
3374	127	146
3375	129	135
3376	131	127
3377	132	126
3378	134	129
3379	135	139
3380	136	154
3381	137	174
3382	138	195
3383	139	215
3384	140	231
3385	141	242
3386	141	245
3387	140	244
3388	140	236
3389	139	224
3390	137	209
3391	135	194
3392	132	182
3393	130	175
3394	127	172
3395	125	173
3396	122	178
3397	121	186
3398	120	195
3399	119	202
3400	118	204
3401	118	204
3402	119	197
3403	119	186
3404	121	172
3405	121	156
3406	123	141
3407	124	129
3408	125	123
3409	126	122
3410	128	127
3411	130	140
3412	131	156
3413	133	177
3414	135	197
3415	137	215
3416	138	229
3417	140	237
3418	141	238
3419	141	236
3420	141	228
3421	141	217
3422	140	206
3423	139	197
3424	137	190
3425	134	189
3426	132	192
3427	130	200
3428	128	210
3429	126	221
3430	124	229
3431	123	234
3432	122	234
3433	121	227
3434	121	216
3435	120	199
3436	120	179
3437	120	161
3438	120	145
3439	120	132
3440	121	126
3441	121	127
3442	122	134
3443	124	148
3444	126	163
3445	128	181
3446	130	198
3447	133	211
3448	135	220
3449	137	223
3450	139	223
3451	140	218
3452	141	210
3453	141	201
3454	141	194
3455	141	191
3456	140	192
3457	138	198
3458	137	208
3459	135	220
3460	133	234
3461	131	246
3462	130	255
3463	128	255
3464	127	255
3465	125	246
3466	124	231
3467	123	211
3468	121	191
3469	120	170
3470	119	154
3471	119	144
3472	118	140
3473	118	141
3474	119	150
3475	119	160
3476	121	175
3477	123	189
3478	125	201
3479	127	209
3480	130	209
3481	132	208
3482	134	202
3483	136	195
3484	138	187
3485	139	180
3486	140	179
3487	140	181
3488	140	187
3489	139	199
3490	139	216
3491	138	232
3492	137	249
3493	136	255
3494	135	255
3495	134	255
3496	133	255
3497	131	254
3498	129	239
3499	127	221
3500	125	201
3501	123	183
3502	121	169
3503	120	162
3504	119	160
3505	118	163
3506	117	170
3507	117	181
3508	118	192
3509	119	201
3510	121	206
3511	123	206
3512	125	202
3513	128	195
3514	129	184
3515	132	172
3516	133	164
3517	134	159
3518	136	160
3519	137	167
3520	137	179
3521	138	196
3522	139	216
3523	139	235
3524	139	252
3525	139	255
3526	139	255
3527	139	255
3528	138	255
3529	136	254
3530	134	238
3531	132	222
3532	130	206
3533	128	194
3534	125	186
3535	123	184
3536	121	185
3537	120	190
3538	118	199
3539	118	207
3540	118	213
3541	118	215
3542	119	214
3543	120	207
3544	121	196
3545	123	183
3546	124	168
3547	126	155
3548	127	147
3549	129	145
3550	130	146
3551	132	155
3552	133	170
3553	135	190
3554	136	210
3555	138	231
3556	139	247
3557	140	255
3558	141	255
3559	141	255
3560	141	254
3561	140	243
3562	139	230
3563	137	217
3564	135	207
3565	133	200
3566	130	199
3567	128	202
3568	126	209
3569	124	218
3570	122	227
3571	121	232
3572	120	233
3573	120	232
3574	119	224
3575	119	211
3576	120	194
3577	120	177
3578	121	159
3579	121	146
3580	122	137
3581	123	136
3582	124	139
3583	126	151
3584	128	166
3585	130	185
3586	132	203
3587	134	220
3588	136	233
3589	138	241
3590	139	241
3591	141	239
3592	141	231
3593	141	222
3594	141	212
3595	140	204
3596	139	200
3597	137	200
3598	135	206
3599	133	215
3600	131	227
3601	129	238
3602	127	248
3603	126	253
3604	125	253
3605	123	246
3606	122	233
3607	121	216
3608	121	196
3609	120	175
3610	119	156
3611	119	143
3612	119	135
3613	119	135
3614	120	140
3615	121	151
3616	122	166
3617	125	183
3618	127	198
3619	129	209
3620	132	216
3621	134	216
3622	136	215
3623	138	209
3624	139	201
3625	140	193
3626	140	187
3627	140	186
3628	140	187
3629	139	195
3630	138	207
3631	137	221
3632	136	236
3633	134	249
3634	133	255
3635	132	255
3636	130	255
3637	129	251
3638	127	237
3639	125	218
3640	124	197
3641	122	177
3642	121	161
3643	119	149
3644	118	143
3645	118	144
3646	117	150
3647	117	159
3648	119	172
3649	120	184
3650	122	194
3651	124	199
3652	127	199
3653	129	195
3654	131	186
3655	133	177
3656	135	168
3657	136	161
3658	138	160
3659	138	162
3660	139	169
3661	139	184
3662	139	200
3663	139	219
3664	139	236
3665	138	250
3666	138	255
3667	137	255
3668	136	255
3669	134	247
3670	132	231
3671	130	213
3672	128	195
3673	126	179
3674	124	166
3675	122	159
3676	120	157
3677	118	159
3678	117	166
3679	117	175
3680	117	184
3681	118	190
3682	119	192
3683	121	191
3684	122	185
3685	124	174
3686	126	161
3687	128	149
3688	130	138
3689	131	133
3690	133	133
3691	134	139
3692	135	151
3693	136	168
3694	137	189
3695	138	208
3696	139	226
3697	140	240
3698	140	247
3699	140	247
3700	140	243
3701	139	232
3702	137	218
3703	136	202
3704	133	188
3705	131	177
3706	129	170
3707	126	169
3708	124	172
3709	122	178
3710	120	185
3711	119	193
3712	119	199
3713	118	199
3714	119	195
3715	119	186
3716	120	173
3717	121	157
3718	122	141
3719	123	126
3720	124	116
3721	125	112
3722	127	113
3723	128	122
3724	130	135
3725	132	153
3726	134	172
3727	135	193
3728	137	208
3729	139	219
3730	140	224
3731	141	224
3732	141	217
3733	141	207
3734	141	195
3735	140	184
3736	138	175
3737	136	170
3738	133	170
3739	131	175
3740	129	184
3741	127	194
3742	125	203
3743	123	210
3744	122	211
3745	121	209
3746	121	199
3747	120	185
3748	120	166
3749	120	147
3750	120	127
3751	120	112
3752	120	101
3753	121	99
3754	122	101
3755	123	111
3756	125	126
3757	127	143
3758	129	159
3759	131	174
3760	133	185
3761	136	192
3762	138	192
3763	139	189
3764	140	182
3765	141	173
3766	141	164
3767	141	158
3768	140	157
3769	139	159
3770	137	166
3771	136	177
3772	134	189
3773	132	202
3774	131	213
3775	129	219
3776	128	219
3777	126	213
3778	125	200
3779	124	182
3780	122	161
3781	121	141
3782	120	121
3783	119	106
3784	118	98
3785	118	97
3786	118	100
3787	119	109
3788	120	122
3789	121	136
3790	123	150
3791	126	158
3792	128	163
3793	131	163
3794	133	158
3795	135	151
3796	137	143
3797	138	135
3798	139	130
3799	139	129
3800	139	133
3801	139	143
3802	139	155
3803	138	171
3804	138	188
3805	137	202
3806	136	214
3807	135	217
3808	133	216
3809	132	207
3810	130	193
3811	128	175
3812	126	155
3813	124	137
3814	123	120
3815	120	108
3816	119	102
3817	118	102
3818	117	107
3819	117	116
3820	117	126
3821	118	136
3822	120	143
3823	122	145
3824	123	144
3825	126	138
3826	128	128
3827	130	117
3828	132	106
3829	134	98
3830	135	96
3831	136	98
3832	137	107
3833	138	122
3834	139	140
3835	139	159
3836	139	177
3837	139	193
3838	139	202
3839	139	204
3840	138	202
3841	137	193
3842	135	179
3843	134	162
3844	131	146
3845	129	131
3846	127	120
3847	124	113
3848	122	112
3849	120	115
3850	119	121
3851	118	130
3852	117	137
3853	118	141
3854	118	141
3855	119	137
3856	120	128
3857	121	116
3858	123	101
3859	125	88
3860	126	75
3861	128	69
3862	129	68
3863	131	73
3864	132	85
3865	134	101
3866	136	121
3867	137	141
3868	138	159
3869	139	173
3870	140	181
3871	141	182
3872	141	179
3873	141	169
3874	140	156
3875	138	144
3876	136	131
3877	134	122
3878	132	117
3879	129	118
3880	127	122
3881	125	129
3882	123	137
3883	121	145
3884	120	149
3885	120	149
3886	119	144
3887	119	133
3888	119	118
3889	120	100
3890	120	82
3891	121	66
3892	122	54
3893	122	48
3894	124	49
3895	125	55
3896	127	69
3897	129	86
3898	131	104
3899	133	122
3900	135	137
3901	137	148
3902	139	151
3903	140	151
3904	141	147
3905	141	137
3906	141	127
3907	141	118
3908	140	111
3909	138	110
3910	136	111
3911	134	118
3912	132	127
3913	130	139
3914	128	149
3915	126	157
3916	125	158
3917	124	156
3918	123	147
3919	121	131
3920	121	112
3921	120	90
3922	119	71
3923	119	54
3924	119	43
3925	118	38
3926	119	39
3927	120	48
3928	121	61
3929	123	76
3930	125	92
3931	128	105
3932	130	115
3933	133	120
3934	135	120
3935	137	115
3936	139	107
3937	140	99
3938	141	92
3939	141	87
3940	141	88
3941	140	92
3942	139	101
3943	138	114
3944	137	129
3945	135	143
3946	134	154
3947	132	161
3948	131	161
3949	129	156
3950	127	145
3951	126	127
3952	125	107
3953	123	87
3954	121	67
3955	119	52
3956	119	42
3957	118	41
3958	117	43
3959	117	52
3960	118	62
3961	119	75
3962	121	86
3963	123	92
3964	125	95
3965	128	94
3966	130	89
3967	132	80
3968	134	70
3969	136	61
3970	137	56
3971	138	56
3972	139	61
3973	139	72
3974	139	87
3975	139	105
3976	139	122
3977	139	139
3978	138	151
3979	137	156
3980	136	156
3981	135	149
3982	134	136
3983	132	119
3984	129	100
3985	127	83
3986	125	67
3987	123	56
3988	120	51
3989	119	51
3990	118	56
3991	117	64
3992	117	73
3993	117	81
3994	118	86
3995	119	86
3996	121	82
3997	123	74
3998	125	62
3999	127	49
4000	129	37
4001	130	29
4002	132	26
4003	133	28
4004	135	38
4005	136	52
4006	137	71
4007	138	91
4008	139	111
4009	139	127
4010	140	138
4011	140	142
4012	140	141
4013	140	133
4014	138	120
4015	137	105
4016	135	90
4017	132	77
4018	130	68
4019	127	63
4020	125	63
4021	123	68
4022	121	75
4023	120	83
4024	119	89
4025	118	91
4026	118	91
4027	118	86
4028	119	75
4029	120	60
4030	121	43
4031	122	27
4032	123	14
4033	125	7
4034	126	5
4035	127	8
4036	129	21
4037	131	37
4038	133	57
4039	135	76
4040	136	94
4041	138	108
4042	140	117
4043	141	118
4044	142	116
4045	142	108
4046	142	97
4047	141	86
4048	139	75
4049	137	69
4050	135	67
4051	132	69
4052	130	75
4053	128	85
4054	126	94
4055	124	101
4056	123	106
4057	121	106
4058	120	100
4059	120	88
4060	120	73
4061	119	54
4062	119	34
4063	119	16
4064	120	2
4065	120	0
4066	121	0
4067	122	1
4068	124	13
4069	125	29
4070	127	47
4071	130	64
4072	132	78
4073	135	88
4074	137	91
4075	139	91
4076	140	86
4077	141	78
4078	142	69
4079	142	61
4080	141	57
4081	140	57
4082	139	62
4083	137	71
4084	135	83
4085	133	96
4086	131	108
4087	130	117
4088	128	118
4089	127	117
4090	127	117
4091	125	108
4092	124	93
4093	123	74
4094	121	53
4095	120	33
