N	f/[kHz]	V/[dBV]
0	0.0031	-71.8
1	0.0519	-56.8
2	0.1007	-56.8
3	0.1495	-72.5
4	0.1984	-70.0
5	0.2472	-73.1
6	0.2960	-73.4
7	0.3448	-71.8
8	0.3937	-74.0
9	0.4425	-70.3
10	0.4913	-71.2
11	0.5402	-72.5
12	0.5890	-71.8
13	0.6378	-72.2
14	0.6866	-70.6
15	0.7355	-74.4
16	0.7843	-73.4
17	0.8331	-72.5
18	0.8820	-65.9
19	0.9308	-71.5
20	0.9796	-72.8
21	1.0284	-74.4
22	1.0773	-73.1
23	1.1261	-72.8
24	1.1749	-74.0
25	1.2238	-73.1
26	1.2726	-74.0
27	1.3214	-71.8
28	1.3702	-71.5
29	1.4191	-69.6
30	1.4679	-74.4
31	1.5167	-74.4
32	1.5656	-70.9
33	1.6144	-70.9
34	1.6632	-70.6
35	1.7120	-73.1
36	1.7609	-74.0
37	1.8097	-70.3
38	1.8585	-70.0
39	1.9073	-70.0
40	1.9562	-70.6
41	2.0050	-70.6
42	2.0538	-73.1
43	2.1027	-72.5
44	2.1515	-68.4
45	2.2003	-68.4
46	2.2491	-69.3
47	2.2980	-69.3
48	2.3468	-75.3
49	2.3956	-78.4
50	2.4445	-74.0
51	2.4933	-71.2
52	2.5421	-72.8
53	2.5909	-69.3
54	2.6398	-70.0
55	2.6886	-70.3
56	2.7374	-69.6
57	2.7863	-71.8
58	2.8351	-71.2
59	2.8839	-71.2
60	2.9327	-68.7
61	2.9816	-71.5
62	3.0304	-70.3
63	3.0792	-71.5
64	3.1281	-70.3
65	3.1769	-68.7
66	3.2257	-69.6
67	3.2745	-69.3
68	3.3234	-73.1
69	3.3722	-70.3
70	3.4210	-72.2
71	3.4698	-61.5
72	3.5187	-65.3
73	3.5675	-18.5
74	3.6163	-63.4
75	3.6652	-58.7
76	3.7140	-70.6
77	3.7628	-62.1
78	3.8116	-71.2
79	3.8605	-69.0
80	3.9093	-66.5
81	3.9581	-70.3
82	4.0070	-70.3
83	4.0558	-74.4
84	4.1046	-70.3
85	4.1534	-70.3
86	4.2023	-72.2
87	4.2511	-73.7
88	4.2999	-70.9
89	4.3488	-73.4
90	4.3976	-72.5
91	4.4464	-71.8
92	4.4952	-69.0
93	4.5441	-74.4
94	4.5929	-73.7
95	4.6417	-73.4
96	4.6906	-74.0
97	4.7394	-73.1
98	4.7882	-73.1
99	4.8370	-69.3
100	4.8859	-68.1
101	4.9347	-71.8
102	4.9835	-73.4
103	5.0323	-72.2
104	5.0812	-71.2
105	5.1300	-76.9
106	5.1788	-72.8
107	5.2277	-73.7
108	5.2765	-75.0
109	5.3253	-74.7
110	5.3741	-75.6
111	5.4230	-74.4
112	5.4718	-72.5
113	5.5206	-72.8
114	5.5695	-71.2
115	5.6183	-71.2
116	5.6671	-71.8
117	5.7159	-73.1
118	5.7648	-71.2
119	5.8136	-73.4
120	5.8624	-73.7
121	5.9113	-73.4
122	5.9601	-69.6
123	6.0089	-72.2
124	6.0577	-71.2
125	6.1066	-72.2
126	6.1554	-70.9
127	6.2042	-74.0
128	6.2531	-68.4
129	6.3019	-68.4
130	6.3507	-73.4
131	6.3995	-74.4
132	6.4484	-70.3
133	6.4972	-69.0
134	6.5460	-73.7
135	6.5948	-74.4
136	6.6437	-78.4
137	6.6925	-73.1
138	6.7413	-71.2
139	6.7902	-66.2
140	6.8390	-70.6
141	6.8878	-70.3
142	6.9366	-70.6
143	6.9855	-68.7
144	7.0343	-69.0
145	7.0831	-70.9
146	7.1320	-72.5
147	7.1808	-72.5
148	7.2296	-73.4
149	7.2784	-69.3
150	7.3273	-70.3
151	7.3761	-72.5
152	7.4249	-73.1
153	7.4738	-73.1
154	7.5226	-70.9
155	7.5714	-66.8
156	7.6202	-73.1
157	7.6691	-72.8
158	7.7179	-72.5
159	7.7667	-72.5
160	7.8156	-77.2
161	7.8644	-73.7
162	7.9132	-70.9
163	7.9620	-37.6
164	8.0109	-49.9
165	8.0597	-64.6
166	8.1085	-69.6
167	8.1573	-75.0
168	8.2062	-75.6
169	8.2550	-71.8
170	8.3038	-71.2
171	8.3527	-75.0
172	8.4015	-71.2
173	8.4503	-76.2
174	8.4991	-70.0
175	8.5480	-71.2
176	8.5968	-70.6
177	8.6456	-72.8
178	8.6945	-75.9
179	8.7433	-73.7
180	8.7921	-69.6
181	8.8409	-77.8
182	8.8898	-68.4
183	8.9386	-76.5
184	8.9874	-74.4
185	9.0363	-72.2
186	9.0851	-69.0
187	9.1339	-71.5
188	9.1827	-70.0
189	9.2316	-74.4
190	9.2804	-70.6
191	9.3292	-72.8
192	9.3781	-68.4
193	9.4269	-74.0
194	9.4757	-70.9
195	9.5245	-73.7
196	9.5734	-72.5
197	9.6222	-72.5
198	9.6710	-73.7
199	9.7198	-73.7
200	9.7687	-67.1
201	9.8175	-70.3
202	9.8663	-70.9
203	9.9152	-75.3
204	9.9640	-70.0
205	10.0128	-77.2
206	10.0616	-73.7
207	10.1105	-70.9
208	10.1593	-69.3
209	10.2081	-69.0
210	10.2570	-73.1
211	10.3058	-69.3
212	10.3546	-70.0
213	10.4034	-67.8
214	10.4523	-73.7
215	10.5011	-69.6
216	10.5499	-75.0
217	10.5988	-75.3
218	10.6476	-72.5
219	10.6964	-70.3
220	10.7452	-72.2
221	10.7941	-61.8
222	10.8429	-72.5
223	10.8917	-70.3
224	10.9406	-74.0
225	10.9894	-70.6
226	11.0382	-74.0
227	11.0870	-68.1
228	11.1359	-73.4
229	11.1847	-68.7
230	11.2335	-75.9
231	11.2823	-74.7
232	11.3312	-73.7
233	11.3800	-73.7
234	11.4288	-73.4
235	11.4777	-70.6
236	11.5265	-72.8
237	11.5753	-70.6
238	11.6241	-71.2
239	11.6730	-69.0
240	11.7218	-74.4
241	11.7706	-70.0
242	11.8195	-74.0
243	11.8683	-71.8
244	11.9171	-73.1
245	11.9659	-69.3
246	12.0148	-73.1
247	12.0636	-69.0
248	12.1124	-75.9
249	12.1613	-74.0
