N	f/[kHz]	V/[dBV]
0	0.0031	-66.8
1	0.0519	-32.0
2	0.1007	-32.0
3	0.1495	-67.5
4	0.1984	-66.8
5	0.2472	-70.6
6	0.2960	-70.0
7	0.3448	-70.9
8	0.3937	-70.9
9	0.4425	-71.8
10	0.4913	-73.4
11	0.5402	-70.6
12	0.5890	-73.1
13	0.6378	-72.2
14	0.6866	-68.4
15	0.7355	-72.2
16	0.7843	-69.0
17	0.8331	-72.5
18	0.8820	-72.5
19	0.9308	-68.7
20	0.9796	-70.6
21	1.0284	-73.1
22	1.0773	-68.7
23	1.1261	-70.0
24	1.1749	-67.8
25	1.2238	-71.8
26	1.2726	-69.3
27	1.3214	-69.3
28	1.3702	-69.3
29	1.4191	-73.7
30	1.4679	-56.8
31	1.5167	-70.3
32	1.5656	-69.6
33	1.6144	-70.9
34	1.6632	-68.1
35	1.7120	-67.5
36	1.7609	-70.9
37	1.8097	-69.0
38	1.8585	-69.3
39	1.9073	-71.5
40	1.9562	-70.3
41	2.0050	-72.8
42	2.0538	-70.0
43	2.1027	-71.5
44	2.1515	-71.2
45	2.2003	-68.7
46	2.2491	-72.2
47	2.2980	-68.1
48	2.3468	-74.0
49	2.3956	-69.6
50	2.4445	-68.1
51	2.4933	-70.3
52	2.5421	-70.6
53	2.5909	-67.1
54	2.6398	-75.3
55	2.6886	-66.2
56	2.7374	-67.8
57	2.7863	-69.6
58	2.8351	-69.6
59	2.8839	-70.6
60	2.9327	-72.2
61	2.9816	-68.1
62	3.0304	-71.8
63	3.0792	-67.5
64	3.1281	-68.1
65	3.1769	-67.5
66	3.2257	-70.3
67	3.2745	-64.6
68	3.3234	-69.3
69	3.3722	-63.4
70	3.4210	-67.1
71	3.4698	-56.5
72	3.5187	-63.1
73	3.5675	-13.5
74	3.6163	-56.5
75	3.6652	-58.0
76	3.7140	-67.1
77	3.7628	-65.3
78	3.8116	-68.4
79	3.8605	-67.8
80	3.9093	-71.2
81	3.9581	-64.3
82	4.0070	-69.6
83	4.0558	-69.6
84	4.1046	-70.3
85	4.1534	-71.2
86	4.2023	-69.3
87	4.2511	-69.3
88	4.2999	-66.5
89	4.3488	-67.8
90	4.3976	-65.9
91	4.4464	-67.8
92	4.4952	-68.7
93	4.5441	-71.8
94	4.5929	-71.8
95	4.6417	-71.8
96	4.6906	-71.5
97	4.7394	-69.6
98	4.7882	-67.8
99	4.8370	-75.3
100	4.8859	-74.4
101	4.9347	-71.8
102	4.9835	-67.8
103	5.0323	-70.3
104	5.0812	-70.6
105	5.1300	-67.8
106	5.1788	-72.2
107	5.2277	-72.5
108	5.2765	-75.6
109	5.3253	-70.9
110	5.3741	-68.7
111	5.4230	-71.5
112	5.4718	-72.8
113	5.5206	-70.9
114	5.5695	-67.1
115	5.6183	-70.6
116	5.6671	-72.5
117	5.7159	-72.5
118	5.7648	-71.5
119	5.8136	-70.0
120	5.8624	-71.5
121	5.9113	-68.7
122	5.9601	-69.3
123	6.0089	-70.3
124	6.0577	-71.2
125	6.1066	-69.0
126	6.1554	-70.3
127	6.2042	-73.4
128	6.2531	-75.6
129	6.3019	-74.0
130	6.3507	-74.4
131	6.3995	-70.9
132	6.4484	-70.9
133	6.4972	-71.8
134	6.5460	-72.5
135	6.5948	-70.0
136	6.6437	-70.6
137	6.6925	-67.1
138	6.7413	-73.1
139	6.7902	-64.9
140	6.8390	-69.0
141	6.8878	-68.4
142	6.9366	-70.9
143	6.9855	-70.0
144	7.0343	-68.1
145	7.0831	-64.6
146	7.1320	-73.4
147	7.1808	-65.6
148	7.2296	-67.8
149	7.2784	-69.6
150	7.3273	-73.7
151	7.3761	-67.5
152	7.4249	-67.1
153	7.4738	-63.4
154	7.5226	-73.4
155	7.5714	-65.3
156	7.6202	-73.1
157	7.6691	-61.8
158	7.7179	-70.6
159	7.7667	-59.0
160	7.8156	-70.9
161	7.8644	-53.3
162	7.9132	-61.8
163	7.9620	-16.6
164	8.0109	-28.9
165	8.0597	-52.7
166	8.1085	-59.9
167	8.1573	-59.6
168	8.2062	-59.6
169	8.2550	-59.6
170	8.3038	-59.6
171	8.3527	-60.9
172	8.4015	-60.9
173	8.4503	-68.4
174	8.4991	-67.5
175	8.5480	-67.1
176	8.5968	-64.6
177	8.6456	-66.2
178	8.6945	-69.0
179	8.7433	-70.6
180	8.7921	-70.6
181	8.8409	-68.1
182	8.8898	-65.6
183	8.9386	-71.2
184	8.9874	-69.0
185	9.0363	-71.5
186	9.0851	-65.3
187	9.1339	-74.4
188	9.1827	-73.7
189	9.2316	-70.9
190	9.2804	-71.5
191	9.3292	-71.5
192	9.3781	-69.0
193	9.4269	-70.6
194	9.4757	-70.3
195	9.5245	-73.4
196	9.5734	-68.4
197	9.6222	-73.4
198	9.6710	-68.4
199	9.7198	-71.8
200	9.7687	-65.9
201	9.8175	-70.9
202	9.8663	-70.3
203	9.9152	-71.8
204	9.9640	-70.9
205	10.0128	-71.5
206	10.0616	-70.0
207	10.1105	-68.7
208	10.1593	-68.7
209	10.2081	-70.0
210	10.2570	-70.6
211	10.3058	-71.5
212	10.3546	-70.6
213	10.4034	-70.3
214	10.4523	-68.1
215	10.5011	-72.5
216	10.5499	-68.1
217	10.5988	-70.6
218	10.6476	-70.9
219	10.6964	-71.8
220	10.7452	-73.4
221	10.7941	-72.5
222	10.8429	-70.9
223	10.8917	-71.5
224	10.9406	-67.8
225	10.9894	-67.5
226	11.0382	-73.1
227	11.0870	-71.2
228	11.1359	-70.0
229	11.1847	-71.8
230	11.2335	-71.2
231	11.2823	-70.3
232	11.3312	-70.9
233	11.3800	-69.6
234	11.4288	-73.4
235	11.4777	-69.0
236	11.5265	-69.0
237	11.5753	-63.1
238	11.6241	-73.7
239	11.6730	-66.8
240	11.7218	-72.2
241	11.7706	-64.9
242	11.8195	-72.8
243	11.8683	-73.4
244	11.9171	-69.0
245	11.9659	-70.0
246	12.0148	-70.6
247	12.0636	-69.6
248	12.1124	-71.2
249	12.1613	-71.2
