
TIME STEP:
125 = 2ms

VOLTAGE STEP:
CH1:  32 = 0.5V~
CH2:  32 = 0.5V~

N	CH1	CH2

0	116	63
1	131	70
2	144	87
3	148	98
4	147	100
5	141	99
6	139	99
7	140	103
8	147	115
9	153	127
10	153	133
11	143	131
12	127	115
13	110	94
14	101	76
15	102	71
16	113	73
17	127	83
18	136	93
19	137	96
20	135	96
21	132	94
22	133	96
23	142	107
24	153	125
25	161	142
26	161	149
27	150	148
28	132	133
29	116	114
30	108	99
31	109	95
32	117	96
33	126	103
34	128	104
35	126	101
36	121	94
37	120	92
38	127	94
39	141	109
40	156	131
41	165	151
42	165	159
43	153	158
44	137	147
45	124	133
46	119	124
47	120	123
48	126	126
49	127	126
50	125	123
51	117	111
52	110	98
53	110	94
54	119	96
55	137	114
56	154	136
57	162	154
58	161	162
59	151	161
60	139	153
61	131	147
62	131	146
63	134	151
64	135	153
65	133	152
66	123	142
67	110	124
68	102	107
69	103	102
70	115	105
71	133	121
72	149	141
73	155	155
74	154	159
75	147	158
76	139	156
77	138	157
78	142	164
79	148	175
80	148	179
81	141	177
82	126	163
83	110	143
84	101	125
85	102	119
86	113	121
87	128	133
88	140	146
89	143	154
90	142	154
91	137	154
92	136	154
93	141	162
94	151	177
95	157	192
96	157	198
97	147	197
98	130	182
99	113	162
100	104	146
101	105	139
102	115	141
103	125	149
104	131	154
105	131	154
106	127	152
107	126	150
108	129	151
109	141	164
110	155	183
111	163	202
112	163	211
113	151	209
114	134	196
115	120	180
116	113	167
117	114	164
118	121	166
119	126	168
120	126	168
121	121	161
122	115	151
123	114	147
124	122	149
125	138	164
126	154	186
127	164	206
128	164	215
129	153	214
130	139	205
131	128	194
132	125	188
133	126	189
134	131	192
135	131	192
136	124	185
137	113	170
138	105	154
139	104	148
140	114	149
141	132	165
142	150	186
143	157	203
144	157	211
145	149	211
146	139	205
147	134	202
148	135	203
149	140	210
150	141	215
151	137	214
152	125	202
153	110	183
154	100	164
155	100	155
156	111	156
157	127	169
158	141	186
159	148	198
160	147	202
161	141	201
162	137	200
163	138	202
164	145	213
165	152	226
166	152	232
167	145	231
168	129	217
169	113	197
170	101	177
171	101	167
172	110	168
173	124	178
174	134	188
175	135	192
176	134	192
177	130	189
178	131	189
179	140	199
180	150	215
181	159	232
182	159	241
183	150	241
184	133	227
185	117	208
186	107	191
187	107	185
188	115	186
189	123	190
190	126	191
191	125	190
192	120	182
193	119	177
194	123	178
195	136	191
196	152	211
197	162	231
198	162	242
199	153	242
200	138	230
201	124	216
202	117	205
203	118	203
204	123	204
205	125	205
206	124	201
207	116	190
208	108	176
209	107	168
210	115	169
211	131	183
212	148	203
213	159	223
214	159	233
215	152	233
216	139	225
217	130	217
218	129	215
219	131	216
220	133	220
221	132	220
222	124	211
223	111	193
224	101	175
225	100	163
226	108	164
227	125	176
228	142	195
229	152	211
230	152	217
231	145	217
232	138	213
233	136	212
234	138	216
235	143	225
236	144	231
237	140	231
238	127	218
239	110	198
240	99	178
241	98	165
242	106	165
243	121	175
244	134	187
245	140	197
246	140	198
247	134	196
248	133	195
249	136	199
250	145	212
251	153	226
252	154	235
253	147	235
254	132	222
255	114	202
256	102	183
257	101	171
258	108	170
259	119	177
260	128	183
261	128	183
262	126	180
263	123	174
264	124	174
265	134	183
266	147	201
267	158	219
268	159	231
269	152	231
270	136	219
271	120	202
272	110	187
273	109	179
274	115	179
275	122	182
276	123	182
277	119	175
278	113	163
279	111	154
280	115	154
281	129	166
282	146	185
283	158	206
284	160	217
285	153	218
286	139	209
287	127	197
288	121	189
289	122	188
290	126	189
291	127	189
292	123	183
293	113	169
294	103	152
295	101	140
296	107	139
297	123	151
298	141	169
299	154	187
300	155	197
301	148	197
302	138	192
303	131	185
304	131	185
305	135	190
306	137	195
307	136	195
308	125	185
309	110	165
310	98	145
311	96	131
312	103	130
313	118	138
314	134	153
315	144	166
316	144	171
317	139	171
318	134	167
319	134	168
320	139	175
321	146	187
322	148	196
323	144	196
324	130	184
325	112	163
326	99	142
327	97	128
328	104	126
329	116	133
330	128	142
331	132	147
332	132	147
333	128	143
334	127	142
335	133	147
336	144	160
337	154	177
338	156	189
339	151	190
340	135	179
341	118	159
342	105	141
343	104	129
344	108	128
345	118	131
346	123	134
347	123	133
348	118	124
349	116	117
350	119	116
351	129	124
352	144	141
353	157	161
354	159	175
355	154	175
356	139	166
357	124	152
358	114	138
359	114	132
360	118	132
361	122	133
362	122	131
363	116	121
364	107	106
365	105	94
366	108	93
367	123	102
368	141	121
369	155	141
370	157	153
371	152	154
372	140	149
373	130	139
374	126	133
375	127	134
376	131	137
377	131	137
378	124	130
379	112	114
380	100	95
381	98	80
382	102	78
383	117	86
384	135	102
385	147	119
386	148	128
387	145	128
388	137	125
389	133	122
390	134	123
391	140	131
392	142	139
393	141	139
394	129	130
395	113	110
396	99	89
397	96	73
398	100	71
399	114	76
400	130	88
401	138	98
402	138	101
403	134	100
404	131	97
405	132	99
406	140	109
407	150	123
408	152	135
409	150	136
410	135	127
411	117	108
412	103	87
413	100	72
414	104	70
415	115	73
416	125	80
417	127	81
418	126	79
419	121	73
420	122	72
421	129	77
422	143	92
423	155	111
424	157	126
425	155	127
426	140	120
427	123	103
428	110	86
429	108	75
430	112	74
431	119	77
432	121	77
433	120	72
434	113	61
435	110	51
436	112	49
437	124	56
438	141	74
439	155	95
440	158	109
441	156	111
442	143	106
443	129	94
444	121	84
445	120	81
446	124	82
447	126	83
448	125	80
449	115	67
450	105	51
451	102	36
452	104	34
453	118	40
454	138	58
455	151	78
456	153	90
457	151	91
458	141	89
459	133	83
460	132	81
461	134	84
462	138	90
463	138	91
464	129	85
465	115	68
466	101	47
467	97	30
468	100	27
469	114	31
470	131	47
471	143	62
472	144	71
473	143	71
474	136	67
475	135	66
476	138	72
477	145	84
478	149	94
479	147	95
480	136	89
481	118	71
482	103	49
483	98	32
484	101	29
485	114	32
486	126	42
487	134	50
488	134	51
489	130	49
490	129	47
491	132	50
492	142	62
493	154	80
494	158	94
495	156	96
496	141	91
497	124	74
498	110	55
499	106	41
500	108	39
501	117	41
502	124	45
503	125	45
504	121	39
505	117	31
506	118	29
507	127	35
508	142	51
509	156	72
510	161	89
511	159	91
512	146	88
513	130	75
514	118	61
515	116	53
516	119	52
517	124	55
518	125	55
519	120	47
520	111	34
521	107	21
522	108	18
523	120	23
524	138	41
525	154	63
526	159	79
527	157	83
528	146	81
529	134	72
530	128	65
531	129	65
532	133	69
533	133	70
534	129	68
535	118	55
536	106	36
537	100	20
538	102	16
539	116	21
540	134	37
541	148	56
542	152	69
543	150	71
544	143	70
545	136	67
546	136	68
547	141	75
548	146	85
549	146	87
550	137	83
551	120	66
552	105	45
553	99	27
554	101	23
555	113	26
556	129	39
557	140	52
558	141	58
559	139	58
560	134	56
561	135	57
562	141	66
563	151	81
564	156	95
565	155	98
566	143	95
567	125	79
568	109	58
569	103	42
570	105	38
571	115	40
572	126	48
573	130	53
574	130	53
575	126	48
576	125	46
577	130	50
578	142	64
579	156	84
580	163	102
581	162	106
582	149	104
583	132	90
584	117	73
585	112	62
586	114	60
587	121	62
588	125	64
589	125	63
590	119	54
591	113	43
592	114	40
593	124	45
594	140	62
595	156	84
596	163	102
597	162	109
598	150	107
599	136	96
600	126	86
601	124	82
602	127	83
603	130	86
604	129	86
605	122	77
606	111	61
607	104	47
608	105	43
609	118	46
610	136	63
611	152	84
612	159	100
613	158	106
614	148	105
615	139	99
616	135	98
617	136	100
618	141	107
619	141	111
620	136	109
621	123	95
622	108	76
623	100	59
624	100	53
625	114	56
626	131	70
627	144	87
628	149	98
629	148	100
630	142	100
631	138	99
632	140	103
633	147	114
634	153	128
635	153	132
636	143	130
637	127	115
638	110	94
639	101	77
640	102	71
641	113	73
642	127	84
643	136	93
644	137	96
645	135	96
646	132	94
647	133	96
648	142	107
649	154	125
650	161	142
651	161	149
652	150	148
653	132	133
654	116	115
655	108	99
656	109	95
657	117	97
658	126	103
659	127	104
660	126	101
661	121	94
662	120	91
663	127	94
664	141	109
665	156	131
666	164	151
667	164	159
668	153	158
669	137	147
670	124	133
671	119	124
672	120	123
673	126	125
674	127	126
675	125	123
676	117	111
677	110	98
678	110	93
679	119	96
680	137	114
681	155	136
682	162	154
683	161	162
684	151	161
685	139	153
686	131	147
687	131	146
688	134	150
689	135	153
690	133	152
691	123	142
692	110	124
693	102	107
694	103	102
695	116	105
696	133	121
697	148	140
698	155	155
699	154	159
700	146	158
701	139	156
702	138	157
703	143	164
704	148	174
705	148	178
706	141	177
707	126	163
708	110	143
709	100	124
710	101	118
711	113	121
712	128	133
713	140	147
714	143	154
715	142	155
716	137	154
717	136	154
718	141	162
719	151	177
720	157	192
721	157	198
722	147	197
723	130	182
724	113	162
725	104	145
726	105	139
727	114	141
728	125	149
729	132	155
730	132	155
731	128	152
732	126	149
733	130	151
734	141	164
735	155	183
736	163	202
737	163	211
738	151	209
739	135	197
740	120	180
741	113	167
742	114	165
743	120	166
744	126	168
745	126	168
746	121	160
747	114	151
748	114	147
749	122	149
750	138	164
751	154	186
752	163	206
753	163	215
754	153	214
755	139	204
756	128	194
757	125	188
758	126	189
759	131	193
760	131	193
761	124	185
762	113	170
763	105	154
764	105	149
765	115	151
766	133	165
767	149	186
768	157	203
769	157	211
770	149	211
771	140	205
772	134	202
773	135	203
774	140	210
775	141	215
776	137	214
777	125	201
778	110	183
779	100	164
780	99	154
781	110	156
782	127	169
783	142	186
784	147	198
785	147	201
786	141	201
787	137	200
788	138	203
789	145	212
790	151	225
791	152	232
792	145	231
793	129	217
794	112	197
795	101	177
796	101	168
797	110	169
798	123	178
799	134	188
800	135	192
801	134	192
802	130	189
803	131	189
804	139	199
805	150	215
806	159	232
807	159	241
808	150	241
809	134	227
810	117	208
811	107	192
812	107	185
813	115	186
814	123	190
815	126	192
816	125	190
817	120	182
818	119	177
819	123	178
820	136	191
821	151	211
822	162	231
823	162	242
824	153	242
825	138	230
826	124	216
827	117	205
828	118	202
829	123	203
830	125	204
831	124	201
832	116	191
833	108	177
834	107	168
835	115	169
836	130	183
837	148	203
838	159	223
839	159	233
840	151	233
841	139	225
842	130	217
843	129	215
844	131	216
845	133	220
846	132	220
847	124	210
848	111	193
849	101	175
850	100	163
851	108	164
852	125	177
853	142	195
854	151	211
855	151	217
856	145	217
857	138	213
858	136	212
859	137	216
860	144	225
861	144	231
862	141	230
863	127	218
864	112	199
865	99	177
866	98	165
867	106	165
868	121	175
869	134	188
870	140	197
871	140	198
872	135	197
873	134	196
874	136	200
875	145	212
876	153	226
877	154	236
878	147	236
879	132	223
880	114	202
881	102	183
882	101	171
883	108	170
884	119	176
885	128	183
886	128	183
887	125	180
888	123	174
889	124	173
890	133	183
891	147	200
892	158	219
893	159	231
894	152	231
895	136	219
896	120	202
897	109	186
898	109	179
899	115	179
900	122	181
901	122	181
902	119	175
903	113	163
904	111	154
905	115	154
906	129	166
907	146	186
908	158	206
909	159	218
910	153	218
911	139	209
912	127	197
913	121	188
914	122	187
915	126	189
916	127	189
917	123	184
918	113	169
919	103	152
920	101	140
921	108	139
922	124	151
923	141	169
924	154	187
925	154	196
926	148	196
927	138	192
928	131	185
929	131	185
930	135	189
931	137	195
932	136	195
933	125	185
934	110	165
935	98	145
936	96	131
937	103	130
938	118	138
939	135	153
940	144	167
941	144	171
942	139	170
943	134	167
944	134	167
945	139	175
946	146	187
947	148	196
948	144	196
949	130	184
950	113	163
951	99	142
952	97	128
953	103	126
954	116	132
955	128	142
956	133	148
957	132	148
958	128	143
959	127	142
960	133	147
961	144	160
962	154	177
963	156	189
964	152	189
965	135	178
966	117	159
967	105	141
968	103	129
969	108	128
970	117	131
971	123	133
972	123	132
973	118	125
974	116	117
975	117	115
976	128	123
977	144	141
978	157	161
979	159	174
980	154	175
981	139	166
982	124	151
983	115	138
984	114	132
985	118	132
986	122	133
987	122	131
988	116	121
989	107	106
990	105	94
991	108	93
992	123	102
993	141	121
994	155	141
995	157	154
996	152	154
997	142	148
998	130	139
999	126	133
1000	127	134
1001	131	137
1002	131	137
1003	124	131
1004	112	115
1005	100	94
1006	98	80
1007	102	78
1008	118	86
1009	135	102
1010	148	119
1011	149	129
1012	145	129
1013	137	124
1014	133	122
1015	134	123
1016	140	131
1017	142	139
1018	141	139
1019	129	130
1020	113	110
1021	99	88
1022	96	73
1023	101	71
1024	114	76
1025	129	88
1026	138	98
1027	138	101
1028	134	100
1029	132	98
1030	133	99
1031	141	109
1032	150	124
1033	152	136
1034	149	137
1035	135	127
1036	117	107
1037	103	87
1038	100	72
1039	104	70
1040	116	73
1041	125	80
1042	127	81
1043	126	79
1044	122	73
1045	122	72
1046	129	77
1047	143	92
1048	155	111
1049	158	126
1050	155	127
1051	140	120
1052	123	102
1053	111	86
1054	109	76
1055	112	75
1056	119	77
1057	121	77
1058	120	72
1059	113	61
1060	110	50
1061	112	49
1062	124	56
1063	141	74
1064	156	94
1065	158	110
1066	156	112
1067	143	106
1068	129	94
1069	121	85
1070	120	82
1071	124	83
1072	126	83
1073	125	80
1074	115	68
1075	105	51
1076	102	36
1077	104	33
1078	119	40
1079	136	58
1080	151	78
1081	153	90
1082	151	91
1083	142	89
1084	133	82
1085	132	81
1086	134	84
1087	138	90
1088	138	91
1089	129	85
1090	115	68
1091	101	47
1092	97	30
1093	100	27
1094	114	31
1095	131	47
1096	143	61
1097	144	70
1098	142	70
1099	136	67
1100	135	67
1101	138	73
1102	145	84
1103	149	95
1104	148	96
1105	136	89
1106	119	71
1107	103	49
1108	98	32
1109	101	29
1110	114	32
1111	128	43
1112	134	50
1113	134	51
1114	130	49
1115	129	47
1116	132	50
1117	142	62
1118	154	80
1119	158	94
1120	156	96
1121	142	91
1122	124	74
1123	109	55
1124	106	41
1125	108	39
1126	117	41
1127	125	45
1128	125	45
1129	122	39
1130	117	31
1131	118	29
1132	127	35
1133	142	51
1134	156	71
1135	161	89
1136	159	92
1137	146	88
1138	130	75
1139	118	60
1140	116	53
1141	119	53
1142	124	55
1143	124	55
1144	120	47
1145	111	34
1146	107	21
1147	108	18
1148	121	23
1149	138	42
1150	154	63
1151	159	80
1152	157	82
1153	146	80
1154	134	72
1155	128	65
1156	129	65
1157	133	69
1158	133	70
1159	130	68
1160	118	55
1161	106	36
1162	100	20
1163	102	16
1164	116	20
1165	134	37
1166	148	56
1167	151	68
1168	150	70
1169	143	69
1170	137	66
1171	136	67
1172	141	75
1173	146	85
1174	146	87
1175	136	83
1176	120	66
1177	104	46
1178	99	28
1179	101	23
1180	113	26
1181	129	39
1182	140	52
1183	141	58
1184	140	58
1185	134	56
1186	135	57
1187	142	66
1188	151	81
1189	156	95
1190	155	98
1191	143	96
1192	125	79
1193	110	58
1194	103	42
1195	105	38
1196	115	40
1197	126	48
1198	131	53
1199	131	53
1200	126	48
1201	125	46
1202	130	50
1203	142	64
1204	156	84
1205	162	102
1206	161	106
1207	149	104
1208	132	89
1209	117	73
1210	112	62
1211	114	60
1212	121	62
1213	125	64
1214	125	63
1215	119	54
1216	114	43
1217	115	41
1218	123	44
1219	140	62
1220	156	84
1221	163	102
1222	162	109
1223	151	107
1224	136	96
1225	126	87
1226	124	82
1227	127	83
1228	130	86
1229	130	86
1230	122	77
1231	111	61
1232	104	46
1233	105	42
1234	117	46
1235	135	63
1236	151	84
1237	158	100
1238	157	106
1239	148	105
1240	139	99
1241	135	97
1242	136	100
1243	141	107
1244	141	110
1245	136	109
1246	123	95
1247	108	76
1248	100	58
1249	101	53
1250	114	56
1251	131	70
1252	145	87
1253	149	98
1254	147	101
1255	141	100
1256	139	99
1257	140	103
1258	147	115
1259	153	129
1260	153	132
1261	143	130
1262	127	115
1263	110	94
1264	101	77
1265	102	71
1266	113	73
1267	127	83
1268	136	93
1269	137	96
1270	135	96
1271	132	94
1272	133	96
1273	142	107
1274	154	125
1275	161	142
1276	161	149
1277	149	148
1278	132	133
1279	116	115
1280	108	100
1281	109	95
1282	117	97
1283	126	103
1284	127	104
1285	126	101
1286	121	94
1287	120	92
1288	128	95
1289	141	109
1290	156	131
1291	165	151
1292	164	159
1293	153	158
1294	137	147
1295	124	133
1296	119	124
1297	121	123
1298	126	125
1299	127	126
1300	125	122
1301	117	111
1302	110	98
1303	109	93
1304	119	96
1305	138	114
1306	154	136
1307	161	154
1308	160	162
1309	151	161
1310	139	152
1311	131	147
1312	131	146
1313	135	151
1314	136	153
1315	133	152
1316	124	142
1317	110	124
1318	103	108
1319	104	102
1320	116	105
1321	133	121
1322	149	141
1323	154	155
1324	154	160
1325	146	159
1326	139	156
1327	138	157
1328	142	165
1329	148	174
1330	148	179
1331	141	177
1332	125	163
1333	109	143
1334	101	125
1335	102	118
1336	113	120
1337	128	133
1338	140	146
1339	143	154
1340	142	154
1341	137	154
1342	136	154
1343	141	162
1344	150	177
1345	157	192
1346	157	199
1347	147	197
1348	130	182
1349	113	161
1350	104	146
1351	105	139
1352	115	141
1353	125	149
1354	132	155
1355	132	155
1356	128	152
1357	127	149
1358	130	151
1359	141	164
1360	155	183
1361	163	203
1362	163	211
1363	152	210
1364	135	197
1365	120	180
1366	113	168
1367	114	164
1368	121	166
1369	127	168
1370	127	168
1371	121	161
1372	115	151
1373	114	147
1374	122	149
1375	138	164
1376	154	186
1377	163	206
1378	163	215
1379	153	215
1380	139	205
1381	128	194
1382	125	188
1383	126	189
1384	130	192
1385	130	192
1386	124	185
1387	113	170
1388	105	154
1389	105	148
1390	115	150
1391	132	165
1392	148	185
1393	158	203
1394	158	211
1395	149	211
1396	140	204
1397	135	201
1398	136	202
1399	140	210
1400	141	215
1401	137	214
1402	125	202
1403	110	183
1404	100	164
1405	101	155
1406	111	156
1407	127	169
1408	142	186
1409	148	199
1410	147	202
1411	142	201
1412	137	200
1413	138	203
1414	145	213
1415	152	225
1416	152	232
1417	145	230
1418	129	217
1419	112	196
1420	101	177
1421	101	167
1422	110	168
1423	123	178
1424	133	187
1425	135	193
1426	134	192
1427	130	189
1428	131	190
1429	139	199
1430	150	215
1431	159	232
1432	159	241
1433	150	240
1434	134	227
1435	117	208
1436	107	192
1437	107	184
1438	114	185
1439	123	190
1440	127	191
1441	126	190
1442	120	183
1443	119	177
1444	123	179
1445	136	191
1446	152	211
1447	162	231
1448	162	242
1449	153	242
1450	138	231
1451	124	216
1452	117	205
1453	118	202
1454	123	203
1455	125	204
1456	124	201
1457	116	191
1458	108	177
1459	107	168
1460	114	169
1461	131	183
1462	148	203
1463	159	223
1464	159	233
1465	151	233
1466	139	225
1467	130	217
1468	129	215
1469	131	216
1470	133	220
1471	132	220
1472	124	210
1473	112	194
1474	101	175
1475	100	163
1476	108	164
1477	125	177
1478	142	195
1479	152	211
1480	152	217
1481	145	216
1482	138	213
1483	136	212
1484	138	216
1485	144	225
1486	145	231
1487	140	231
1488	127	218
1489	111	198
1490	99	178
1491	98	165
1492	106	165
1493	121	175
1494	134	187
1495	140	197
1496	140	198
1497	135	196
1498	133	195
1499	135	199
1500	145	212
1501	154	227
1502	154	235
1503	147	235
1504	132	222
1505	114	202
1506	102	183
1507	101	171
1508	108	170
1509	119	177
1510	128	183
1511	129	184
1512	126	180
1513	123	174
1514	124	173
1515	134	183
1516	147	200
1517	158	220
1518	159	231
1519	152	231
1520	136	220
1521	120	202
1522	110	186
1523	110	179
1524	115	180
1525	122	182
1526	122	182
1527	119	175
1528	113	163
1529	111	154
1530	116	154
1531	129	165
1532	146	185
1533	158	206
1534	159	218
1535	153	218
1536	139	209
1537	127	197
1538	121	189
1539	122	188
1540	126	189
1541	127	189
1542	123	183
1543	113	169
1544	103	151
1545	101	140
1546	108	139
1547	123	151
1548	141	168
1549	153	187
1550	154	197
1551	148	197
1552	138	192
1553	131	185
1554	131	185
1555	135	189
1556	137	195
1557	136	195
1558	125	184
1559	110	165
1560	98	145
1561	96	131
1562	103	130
1563	118	138
1564	134	153
1565	144	167
1566	144	171
1567	140	171
1568	134	167
1569	134	168
1570	139	175
1571	146	187
1572	148	196
1573	144	196
1574	130	184
1575	113	163
1576	99	142
1577	97	128
1578	103	126
1579	116	132
1580	129	143
1581	132	148
1582	132	148
1583	128	143
1584	127	142
1585	132	146
1586	144	160
1587	154	177
1588	156	189
1589	151	189
1590	136	179
1591	117	159
1592	105	141
1593	104	130
1594	108	128
1595	117	131
1596	123	134
1597	123	133
1598	118	124
1599	115	116
1600	117	115
1601	129	123
1602	144	141
1603	157	161
1604	159	175
1605	154	175
1606	139	166
1607	124	151
1608	115	138
1609	114	132
1610	118	132
1611	122	133
1612	122	131
1613	115	121
1614	107	106
1615	105	94
1616	109	93
1617	123	102
1618	141	121
1619	154	141
1620	156	154
1621	152	154
1622	140	149
1623	130	139
1624	126	133
1625	127	134
1626	131	137
1627	131	137
1628	124	131
1629	112	115
1630	99	95
1631	97	81
1632	102	79
1633	117	86
1634	135	102
1635	148	119
1636	149	128
1637	145	128
1638	137	124
1639	133	122
1640	134	123
1641	140	131
1642	142	139
1643	141	139
1644	129	130
1645	113	110
1646	99	89
1647	96	73
1648	101	71
1649	115	76
1650	129	88
1651	138	98
1652	138	101
1653	134	100
1654	132	98
1655	133	99
1656	140	109
1657	150	124
1658	152	136
1659	149	137
1660	135	127
1661	117	107
1662	103	87
1663	100	72
1664	104	70
1665	115	73
1666	125	80
1667	127	81
1668	126	79
1669	122	73
1670	122	72
1671	129	77
1672	143	92
1673	156	110
1674	158	127
1675	155	128
1676	140	120
1677	124	103
1678	111	86
1679	109	75
1680	112	74
1681	119	77
1682	121	77
1683	120	72
1684	113	61
1685	110	51
1686	112	49
1687	124	56
1688	141	74
1689	155	95
1690	158	110
1691	156	112
1692	143	106
1693	130	95
1694	121	84
1695	120	81
1696	125	82
1697	126	83
1698	125	80
1699	115	68
1700	105	51
1701	102	37
1702	105	34
1703	119	40
1704	137	58
1705	151	78
1706	153	91
1707	151	92
1708	142	88
1709	133	83
1710	131	81
1711	134	84
1712	138	90
1713	138	91
1714	129	85
1715	115	68
1716	101	47
1717	97	30
1718	100	27
1719	114	31
1720	131	47
1721	143	62
1722	144	70
1723	142	70
1724	136	67
1725	135	67
1726	138	72
1727	146	83
1728	149	94
1729	148	96
1730	136	89
1731	118	71
1732	103	49
1733	99	32
1734	101	29
1735	114	32
1736	126	42
1737	133	50
1738	133	51
1739	130	49
1740	129	47
1741	132	50
1742	142	62
1743	153	80
1744	158	95
1745	156	97
1746	142	91
1747	124	74
1748	109	54
1749	106	41
1750	108	38
1751	117	40
1752	124	45
1753	125	45
1754	122	39
1755	117	31
1756	118	29
1757	127	34
1758	142	52
1759	156	72
1760	161	89
1761	160	92
1762	146	89
1763	130	74
1764	118	60
1765	116	53
1766	119	52
1767	124	55
1768	124	55
1769	120	47
1770	111	34
1771	107	21
1772	108	18
1773	121	23
1774	139	41
1775	155	63
1776	159	80
1777	157	83
1778	146	81
1779	134	72
1780	128	65
1781	129	65
1782	133	70
1783	134	71
1784	130	69
1785	119	55
1786	106	36
1787	100	20
1788	102	17
1789	116	21
1790	134	37
1791	148	56
1792	152	68
1793	150	70
1794	143	69
1795	136	66
1796	136	67
1797	141	75
1798	146	85
1799	146	87
1800	137	83
1801	121	66
1802	105	45
1803	98	27
1804	100	23
1805	113	26
1806	129	39
1807	140	52
1808	141	58
1809	139	58
1810	135	56
1811	135	57
1812	141	67
1813	151	82
1814	156	95
1815	155	98
1816	143	95
1817	125	79
1818	109	58
1819	103	42
1820	105	38
1821	115	40
1822	126	49
1823	130	53
1824	130	53
1825	126	48
1826	125	46
1827	130	50
1828	143	65
1829	156	84
1830	162	101
1831	161	106
1832	149	104
1833	131	90
1834	117	73
1835	112	62
1836	114	60
1837	121	61
1838	125	63
1839	125	62
1840	119	54
1841	113	43
1842	114	40
1843	123	45
1844	140	62
1845	156	84
1846	163	102
1847	162	109
1848	150	107
1849	136	96
1850	126	87
1851	124	82
1852	127	83
1853	130	86
1854	130	86
1855	123	77
1856	111	62
1857	105	47
1858	106	42
1859	117	46
1860	136	63
1861	152	84
1862	158	101
1863	157	106
1864	148	105
1865	139	99
1866	135	97
1867	136	100
1868	141	107
1869	141	110
1870	136	109
1871	123	96
1872	108	76
1873	100	58
1874	101	53
1875	114	56
1876	131	70
1877	144	87
1878	148	98
1879	147	100
1880	141	99
1881	139	99
1882	140	103
1883	147	115
1884	153	128
1885	153	132
1886	143	130
1887	127	115
1888	110	94
1889	102	77
1890	102	71
1891	113	73
1892	126	83
1893	136	93
1894	137	96
1895	134	96
1896	132	94
1897	133	96
1898	142	107
1899	154	125
1900	161	143
1901	161	149
1902	149	148
1903	132	133
1904	116	114
1905	108	99
1906	109	94
1907	117	96
1908	126	103
1909	127	103
1910	126	101
1911	121	94
1912	120	92
1913	126	94
1914	141	109
1915	156	131
1916	164	151
1917	164	159
1918	153	158
1919	137	147
1920	124	133
1921	119	124
1922	120	123
1923	126	125
1924	127	126
1925	125	123
1926	116	111
1927	109	98
1928	109	93
1929	119	96
1930	138	114
1931	154	136
1932	162	154
1933	161	161
1934	150	160
1935	139	153
1936	131	147
1937	131	146
1938	134	150
1939	135	153
1940	134	152
1941	123	142
1942	110	124
1943	102	107
1944	103	102
1945	116	105
1946	133	122
1947	148	141
1948	154	155
1949	153	160
1950	146	159
1951	139	156
1952	138	157
1953	142	164
1954	147	175
1955	147	179
1956	141	177
1957	125	163
1958	109	143
1959	101	125
1960	102	118
1961	113	121
1962	128	133
1963	140	147
1964	143	154
1965	142	155
1966	137	153
1967	136	154
1968	142	163
1969	151	177
1970	158	192
1971	158	198
1972	147	197
1973	130	182
1974	113	162
1975	104	146
1976	105	139
1977	115	141
1978	126	149
1979	132	155
1980	132	155
1981	128	151
1982	126	149
1983	130	151
1984	141	164
1985	155	184
1986	163	202
1987	163	211
1988	152	209
1989	135	197
1990	120	180
1991	113	167
1992	114	164
1993	121	166
1994	126	168
1995	126	168
1996	121	161
1997	114	151
1998	114	147
1999	122	149
2000	138	164
2001	154	186
2002	163	206
2003	163	215
2004	153	214
2005	139	205
2006	128	194
2007	125	188
2008	127	189
2009	131	192
2010	131	192
2011	124	185
2012	113	170
2013	104	155
2014	105	148
2015	115	150
2016	132	165
2017	149	186
2018	158	203
2019	158	211
2020	149	211
2021	140	205
2022	134	202
2023	135	203
2024	140	210
2025	141	215
2026	137	214
2027	125	201
2028	110	183
2029	100	164
2030	100	155
2031	111	156
2032	127	169
2033	142	186
2034	148	199
2035	147	201
2036	141	201
2037	137	200
2038	138	203
2039	145	213
2040	152	225
2041	152	232
2042	145	231
2043	129	217
2044	112	197
2045	101	177
2046	100	167
2047	110	168
2048	124	178
2049	134	188
2050	135	192
2051	134	192
2052	130	188
2053	131	189
2054	139	199
2055	150	215
2056	159	232
2057	159	241
2058	150	240
2059	134	227
2060	117	208
2061	107	192
2062	107	185
2063	115	186
2064	123	190
2065	126	191
2066	125	190
2067	120	183
2068	119	177
2069	123	178
2070	136	191
2071	151	211
2072	162	231
2073	162	242
2074	153	242
2075	138	231
2076	124	216
2077	117	205
2078	118	202
2079	123	203
2080	125	204
2081	124	201
2082	116	190
2083	108	177
2084	107	168
2085	115	169
2086	131	183
2087	148	203
2088	159	223
2089	159	233
2090	152	233
2091	139	225
2092	130	217
2093	129	214
2094	131	216
2095	133	220
2096	132	220
2097	124	210
2098	111	193
2099	100	175
2100	99	163
2101	108	163
2102	125	177
2103	141	195
2104	152	211
2105	152	217
2106	145	217
2107	138	213
2108	136	212
2109	138	216
2110	144	226
2111	145	231
2112	141	231
2113	127	218
2114	111	198
2115	99	177
2116	98	165
2117	106	165
2118	121	174
2119	134	187
2120	140	197
2121	140	198
2122	135	196
2123	133	195
2124	136	199
2125	145	212
2126	153	226
2127	154	236
2128	148	236
2129	132	222
2130	114	202
2131	102	182
2132	101	171
2133	108	170
2134	119	176
2135	127	183
2136	128	183
2137	125	180
2138	123	173
2139	124	173
2140	133	183
2141	147	200
2142	159	219
2143	160	231
2144	152	231
2145	136	219
2146	120	202
2147	110	186
2148	110	179
2149	115	179
2150	122	182
2151	123	182
2152	119	175
2153	113	163
2154	111	154
2155	115	154
2156	129	166
2157	146	186
2158	159	206
2159	160	218
2160	153	218
2161	140	210
2162	127	197
2163	121	189
2164	122	187
2165	126	189
2166	127	189
2167	123	184
2168	113	168
2169	103	152
2170	101	140
2171	108	140
2172	123	150
2173	141	169
2174	153	187
2175	154	197
2176	148	197
2177	139	191
2178	132	185
2179	131	185
2180	135	189
2181	137	195
2182	136	195
2183	124	185
2184	110	165
2185	99	145
2186	97	130
2187	103	129
2188	118	138
2189	135	153
2190	144	166
2191	144	171
2192	140	171
2193	134	167
2194	134	168
2195	139	175
2196	146	187
2197	148	196
2198	144	196
2199	130	184
2200	112	163
2201	99	142
2202	97	128
2203	105	127
2204	117	133
2205	128	142
2206	132	148
2207	132	148
2208	128	143
2209	127	142
2210	133	147
2211	144	160
2212	154	177
2213	156	189
2214	151	189
2215	136	178
2216	117	159
2217	105	141
2218	104	129
2219	108	128
2220	117	131
2221	123	133
2222	123	132
2223	118	124
2224	115	116
2225	117	115
2226	129	123
2227	144	141
2228	157	161
2229	159	175
2230	154	175
2231	139	167
2232	124	151
2233	115	139
2234	114	132
2235	118	132
2236	122	133
2237	122	131
2238	116	121
2239	107	107
2240	105	95
2241	109	93
2242	123	102
2243	141	121
2244	155	141
2245	157	154
2246	152	154
2247	140	149
2248	130	139
2249	125	133
2250	126	133
2251	131	137
2252	131	137
2253	125	131
2254	112	115
2255	100	95
2256	98	80
2257	102	78
2258	118	86
2259	135	102
2260	147	119
2261	148	128
2262	145	128
2263	137	124
2264	133	122
2265	134	123
2266	140	131
2267	142	139
2268	141	139
2269	129	131
2270	113	110
2271	99	88
2272	96	73
2273	100	71
2274	115	76
2275	130	88
2276	138	99
2277	138	101
2278	134	99
2279	132	98
2280	133	99
2281	141	109
2282	150	124
2283	152	136
2284	149	137
2285	135	127
2286	117	107
2287	103	87
2288	101	72
2289	104	70
2290	115	73
2291	124	80
2292	127	81
2293	126	79
2294	121	73
2295	122	71
2296	129	76
2297	143	92
2298	155	111
2299	157	126
2300	155	127
2301	140	120
2302	123	102
2303	111	86
2304	109	76
2305	112	74
2306	119	77
2307	121	77
2308	120	72
2309	114	61
2310	110	51
2311	112	49
2312	124	56
2313	141	74
2314	156	95
2315	158	110
2316	156	112
2317	143	107
2318	129	94
2319	121	85
2320	120	82
2321	125	83
2322	126	83
2323	125	80
2324	115	68
2325	106	51
2326	102	36
2327	104	33
2328	119	41
2329	137	58
2330	151	78
2331	153	90
2332	151	91
2333	141	88
2334	133	82
2335	131	81
2336	134	84
2337	137	90
2338	137	91
2339	129	85
2340	115	68
2341	101	47
2342	97	30
2343	100	27
2344	114	31
2345	131	47
2346	143	61
2347	144	70
2348	142	70
2349	136	67
2350	135	66
2351	138	72
2352	146	84
2353	149	94
2354	147	95
2355	135	89
2356	118	71
2357	103	49
2358	99	32
2359	101	29
2360	114	33
2361	127	42
2362	134	50
2363	134	51
2364	130	49
2365	129	47
2366	132	49
2367	142	62
2368	154	80
2369	157	94
2370	156	97
2371	142	91
2372	125	74
2373	109	55
2374	106	41
2375	108	38
2376	117	40
2377	124	45
2378	125	45
2379	122	39
2380	117	31
2381	118	29
2382	127	34
2383	142	51
2384	156	72
2385	161	88
2386	159	91
2387	146	88
2388	130	74
2389	118	61
2390	116	53
2391	119	52
2392	124	55
2393	124	55
2394	120	47
2395	112	34
2396	107	21
2397	108	18
2398	121	24
2399	139	42
2400	154	63
2401	159	79
2402	157	83
2403	146	81
2404	135	72
2405	128	65
2406	128	65
2407	133	69
2408	134	70
2409	130	69
2410	118	55
2411	106	36
2412	100	20
2413	102	16
2414	116	21
2415	134	37
2416	148	56
2417	152	68
2418	150	70
2419	143	69
2420	136	66
2421	136	67
2422	141	75
2423	146	85
2424	146	86
2425	136	83
2426	120	66
2427	105	45
2428	99	27
2429	101	23
2430	113	26
2431	129	39
2432	140	52
2433	141	58
2434	139	58
2435	135	57
2436	135	58
2437	141	66
2438	151	81
2439	156	95
2440	155	98
2441	143	95
2442	125	79
2443	109	58
2444	103	42
2445	105	38
2446	115	40
2447	126	48
2448	130	53
2449	130	53
2450	126	48
2451	125	46
2452	130	50
2453	142	63
2454	156	84
2455	162	101
2456	161	106
2457	148	104
2458	131	90
2459	117	73
2460	112	61
2461	114	60
2462	121	62
2463	125	63
2464	125	62
2465	119	54
2466	113	44
2467	114	41
2468	124	45
2469	140	62
2470	156	84
2471	163	102
2472	162	109
2473	151	107
2474	136	97
2475	126	86
2476	124	82
2477	127	83
2478	130	86
2479	130	86
2480	122	76
2481	111	61
2482	105	47
2483	106	43
2484	118	46
2485	136	63
2486	152	84
2487	158	100
2488	157	106
2489	148	105
2490	139	99
2491	135	98
2492	136	100
2493	141	107
2494	142	110
2495	136	109
2496	123	96
2497	108	76
2498	100	59
2499	101	53
2500	114	56
2501	130	70
2502	144	87
2503	148	98
2504	147	100
2505	141	99
2506	138	98
2507	140	103
2508	147	115
2509	153	127
2510	153	132
2511	143	130
2512	126	115
2513	110	94
2514	101	77
2515	102	71
2516	113	73
2517	127	84
2518	136	93
2519	137	96
2520	135	95
2521	132	94
2522	133	96
2523	142	107
2524	154	125
2525	161	143
2526	161	149
2527	150	148
2528	132	133
2529	116	115
2530	108	99
2531	109	95
2532	118	97
2533	125	102
2534	128	103
2535	127	101
2536	121	94
2537	120	92
2538	126	94
2539	141	109
2540	156	131
2541	164	151
2542	164	158
2543	153	157
2544	137	147
2545	124	132
2546	119	124
2547	120	123
2548	126	125
2549	127	126
2550	125	123
2551	116	111
2552	109	98
2553	110	93
2554	119	96
2555	137	114
2556	154	136
2557	162	154
2558	161	162
2559	151	161
2560	139	152
2561	131	147
2562	131	146
2563	135	151
2564	136	153
2565	133	152
2566	123	142
2567	110	124
2568	102	108
2569	103	102
2570	116	105
2571	132	122
2572	149	141
2573	155	155
2574	154	160
2575	146	159
2576	139	156
2577	138	157
2578	142	165
2579	148	175
2580	148	179
2581	140	177
2582	125	163
2583	110	143
2584	100	124
2585	101	118
2586	113	120
2587	128	133
2588	140	147
2589	143	154
2590	142	155
2591	137	153
2592	136	154
2593	141	162
2594	151	177
2595	157	192
2596	157	199
2597	147	197
2598	129	181
2599	113	162
2600	104	146
2601	105	139
2602	115	141
2603	125	149
2604	132	155
2605	132	155
2606	128	151
2607	127	149
2608	130	152
2609	141	164
2610	155	184
2611	163	203
2612	163	211
2613	152	210
2614	135	197
2615	120	180
2616	113	167
2617	114	165
2618	121	166
2619	126	168
2620	126	168
2621	121	160
2622	115	151
2623	114	147
2624	122	149
2625	138	164
2626	154	186
2627	163	206
2628	163	215
2629	153	214
2630	139	204
2631	128	193
2632	125	188
2633	126	189
2634	130	192
2635	130	192
2636	124	185
2637	113	169
2638	105	154
2639	105	148
2640	115	150
2641	131	165
2642	149	186
2643	158	203
2644	158	211
2645	149	210
2646	139	205
2647	134	202
2648	135	203
2649	140	211
2650	141	215
2651	137	214
2652	125	201
2653	111	183
2654	100	164
2655	100	155
2656	111	156
2657	127	169
2658	142	186
2659	148	198
2660	147	202
2661	142	201
2662	137	200
2663	138	203
2664	145	213
2665	152	225
2666	152	232
2667	145	231
2668	129	217
2669	112	196
2670	101	177
2671	101	167
2672	110	168
2673	124	178
2674	133	188
2675	135	192
2676	134	192
2677	130	189
2678	131	189
2679	139	199
2680	150	215
2681	159	232
2682	159	241
2683	150	240
2684	134	227
2685	117	208
2686	107	192
2687	107	184
2688	115	185
2689	123	191
2690	126	192
2691	126	190
2692	120	183
2693	119	177
2694	123	178
2695	136	191
2696	151	211
2697	162	231
2698	162	241
2699	153	241
2700	138	230
2701	124	216
2702	117	205
2703	118	203
2704	123	204
2705	125	204
2706	124	201
2707	116	191
2708	108	176
2709	107	168
2710	115	169
2711	131	183
2712	148	204
2713	160	223
2714	160	233
2715	151	233
2716	140	225
2717	130	217
2718	129	214
2719	131	216
2720	133	219
2721	132	219
2722	124	210
2723	111	194
2724	100	175
2725	99	163
2726	109	164
2727	125	177
2728	142	195
2729	151	211
2730	151	217
2731	145	217
2732	138	213
2733	136	212
2734	138	216
2735	143	225
2736	144	231
2737	140	231
2738	127	218
2739	110	198
2740	99	177
2741	98	165
2742	106	165
2743	121	174
2744	134	187
2745	140	197
2746	140	198
2747	135	196
2748	134	195
2749	136	199
2750	145	212
2751	153	226
2752	154	235
2753	148	235
2754	132	222
2755	114	202
2756	102	183
2757	101	171
2758	108	170
2759	119	177
2760	127	183
2761	128	184
2762	126	180
2763	123	174
2764	124	173
2765	134	183
2766	147	201
2767	158	219
2768	159	231
2769	152	231
2770	136	219
2771	120	202
2772	110	187
2773	110	179
2774	115	179
2775	122	182
2776	123	182
2777	119	175
2778	113	164
2779	111	154
2780	115	154
2781	130	166
2782	146	185
2783	159	206
2784	160	218
2785	153	218
2786	139	210
2787	126	197
2788	121	189
2789	122	188
2790	126	189
2791	127	189
2792	123	183
2793	113	169
2794	103	152
2795	101	140
2796	108	139
2797	123	150
2798	141	169
2799	153	187
2800	154	197
2801	148	197
2802	139	192
2803	132	185
2804	131	185
2805	134	190
2806	137	194
2807	136	194
2808	125	184
2809	111	165
2810	98	145
2811	96	131
2812	103	130
2813	118	139
2814	135	153
2815	144	166
2816	144	171
2817	140	171
2818	134	167
2819	133	168
2820	139	175
2821	146	187
2822	148	195
2823	144	195
2824	130	184
2825	113	163
2826	99	142
2827	97	128
2828	103	127
2829	117	133
2830	128	142
2831	133	148
2832	132	148
2833	128	143
2834	127	142
2835	133	147
2836	144	161
2837	155	177
2838	157	188
2839	151	189
2840	136	179
2841	118	160
2842	105	140
2843	103	129
2844	108	128
2845	118	131
2846	123	133
2847	123	132
2848	118	125
2849	115	116
2850	117	115
2851	128	124
2852	144	142
2853	157	161
2854	159	175
2855	154	175
2856	139	166
2857	124	151
2858	114	138
2859	114	132
2860	118	132
2861	122	133
2862	122	131
2863	116	121
2864	107	106
2865	105	94
2866	108	93
2867	123	102
2868	141	121
2869	155	141
2870	157	153
2871	152	154
2872	140	149
2873	129	139
2874	126	133
2875	127	134
2876	131	137
2877	131	137
2878	124	130
2879	112	114
2880	100	95
2881	97	81
2882	102	79
2883	118	86
2884	135	102
2885	148	119
2886	149	128
2887	145	128
2888	137	124
2889	133	122
2890	134	123
2891	140	131
2892	142	139
2893	141	139
2894	129	130
2895	113	110
2896	99	88
2897	96	72
2898	100	70
2899	114	75
2900	130	88
2901	138	98
2902	138	101
2903	134	100
2904	132	98
2905	133	100
2906	141	109
2907	150	124
2908	152	136
2909	149	137
2910	135	127
2911	117	107
2912	103	87
2913	100	72
2914	104	70
2915	115	73
2916	124	79
2917	127	81
2918	126	79
2919	121	73
2920	122	71
2921	129	77
2922	143	92
2923	155	111
2924	157	125
2925	155	127
2926	140	119
2927	123	102
2928	111	86
2929	109	75
2930	112	74
2931	120	77
2932	121	77
2933	120	72
2934	113	61
2935	110	51
2936	112	49
2937	124	56
2938	141	74
2939	156	95
2940	158	110
2941	156	112
2942	143	106
2943	129	94
2944	121	84
2945	120	82
2946	125	83
2947	126	83
2948	125	80
2949	116	68
2950	105	51
2951	102	36
2952	104	34
2953	118	40
2954	137	58
2955	151	78
2956	153	90
2957	151	91
2958	141	88
2959	133	82
2960	132	81
2961	134	85
2962	137	89
2963	137	90
2964	129	85
2965	115	68
2966	101	47
2967	97	29
2968	100	26
2969	114	31
2970	131	47
2971	143	61
2972	144	69
2973	142	70
2974	136	67
2975	134	67
2976	138	72
2977	146	84
2978	149	94
2979	148	96
2980	136	90
2981	118	71
2982	103	49
2983	99	32
2984	101	29
2985	114	32
2986	127	42
2987	134	51
2988	134	51
2989	130	49
2990	128	47
2991	132	50
2992	142	62
2993	154	80
2994	158	94
2995	156	96
2996	142	91
2997	124	74
2998	109	55
2999	106	41
3000	108	39
3001	117	41
3002	124	45
3003	125	45
3004	122	39
3005	117	31
3006	118	29
3007	127	34
3008	142	51
3009	157	72
3010	161	89
3011	159	91
3012	146	88
3013	130	75
3014	118	61
3015	116	52
3016	119	52
3017	124	55
3018	125	55
3019	120	47
3020	111	33
3021	107	21
3022	108	18
3023	121	24
3024	139	42
3025	154	63
3026	159	79
3027	157	83
3028	146	81
3029	135	72
3030	128	65
3031	129	65
3032	133	69
3033	134	71
3034	130	68
3035	118	55
3036	106	36
3037	100	20
3038	102	17
3039	116	21
3040	134	37
3041	148	56
3042	152	69
3043	150	70
3044	143	69
3045	137	66
3046	136	67
3047	141	75
3048	146	85
3049	146	87
3050	136	83
3051	120	66
3052	105	45
3053	99	27
3054	101	22
3055	113	25
3056	129	39
3057	140	52
3058	141	58
3059	139	58
3060	134	56
3061	135	57
3062	141	66
3063	151	81
3064	156	95
3065	155	98
3066	143	95
3067	125	79
3068	109	58
3069	103	42
3070	105	37
3071	115	39
3072	126	49
3073	130	53
3074	130	53
3075	126	48
3076	125	46
3077	130	49
3078	143	64
3079	156	84
3080	163	101
3081	162	106
3082	148	104
3083	131	90
3084	117	73
3085	112	61
3086	114	60
3087	121	62
3088	125	63
3089	125	62
3090	119	54
3091	113	43
3092	114	40
3093	124	45
3094	140	62
3095	156	84
3096	163	102
3097	162	109
3098	150	107
3099	136	96
3100	126	86
3101	125	83
3102	127	84
3103	130	86
3104	129	86
3105	122	77
3106	111	62
3107	104	47
3108	105	43
3109	117	46
3110	136	63
3111	152	85
3112	158	100
3113	157	106
3114	148	105
3115	139	99
3116	135	98
3117	136	100
3118	140	106
3119	141	110
3120	137	109
3121	123	95
3122	108	76
3123	100	58
3124	102	53
3125	114	55
3126	130	70
3127	144	87
3128	148	97
3129	147	100
3130	141	99
3131	139	98
3132	140	103
3133	147	115
3134	153	128
3135	153	132
3136	143	130
3137	127	115
3138	111	95
3139	101	77
3140	102	71
3141	113	73
3142	127	83
3143	136	93
3144	137	97
3145	135	96
3146	132	95
3147	133	96
3148	142	107
3149	154	125
3150	161	142
3151	161	149
3152	149	148
3153	132	133
3154	116	114
3155	108	99
3156	109	95
3157	117	97
3158	126	103
3159	128	104
3160	127	102
3161	121	94
3162	120	91
3163	126	93
3164	140	109
3165	156	131
3166	164	151
3167	164	159
3168	153	158
3169	137	147
3170	124	133
3171	119	124
3172	121	123
3173	126	125
3174	127	126
3175	125	123
3176	117	111
3177	110	98
3178	109	93
3179	119	96
3180	138	114
3181	154	136
3182	162	154
3183	161	161
3184	151	160
3185	139	153
3186	131	147
3187	131	146
3188	135	151
3189	136	153
3190	134	152
3191	124	142
3192	110	124
3193	102	107
3194	103	102
3195	116	105
3196	133	121
3197	148	141
3198	155	155
3199	154	160
3200	146	159
3201	139	156
3202	138	157
3203	143	164
3204	148	174
3205	148	179
3206	141	178
3207	126	162
3208	109	143
3209	100	125
3210	101	118
3211	113	121
3212	128	133
3213	140	147
3214	143	154
3215	142	154
3216	137	153
3217	136	154
3218	141	162
3219	151	177
3220	157	192
3221	157	198
3222	147	197
3223	130	182
3224	113	162
3225	104	145
3226	105	139
3227	115	141
3228	125	149
3229	132	155
3230	132	155
3231	128	151
3232	126	149
3233	130	152
3234	141	164
3235	155	184
3236	163	203
3237	163	211
3238	152	210
3239	135	197
3240	120	180
3241	113	168
3242	114	164
3243	121	166
3244	126	169
3245	126	168
3246	121	161
3247	115	151
3248	114	147
3249	122	149
3250	138	164
3251	154	186
3252	163	205
3253	163	215
3254	153	215
3255	139	204
3256	128	194
3257	125	188
3258	127	189
3259	131	192
3260	131	192
3261	124	185
3262	114	170
3263	105	154
3264	105	148
3265	115	150
3266	132	165
3267	149	186
3268	158	203
3269	158	211
3270	149	211
3271	139	205
3272	134	202
3273	135	203
3274	140	210
3275	141	215
3276	137	214
3277	125	202
3278	110	183
3279	100	164
3280	100	155
3281	111	156
3282	126	169
3283	142	186
3284	148	198
3285	147	201
3286	142	201
3287	137	200
3288	138	202
3289	145	213
3290	152	225
3291	152	232
3292	145	231
3293	129	217
3294	112	196
3295	101	177
3296	100	167
3297	110	168
3298	123	178
3299	134	188
3300	135	192
3301	134	191
3302	130	189
3303	131	189
3304	139	199
3305	150	215
3306	159	232
3307	159	241
3308	150	240
3309	134	228
3310	117	208
3311	107	192
3312	107	184
3313	115	185
3314	123	191
3315	126	192
3316	125	190
3317	120	183
3318	119	178
3319	124	179
3320	136	191
3321	151	212
3322	162	231
3323	162	241
3324	154	241
3325	138	231
3326	124	216
3327	118	206
3328	118	202
3329	123	203
3330	125	204
3331	124	201
3332	116	191
3333	108	176
3334	107	168
3335	114	169
3336	131	183
3337	148	203
3338	160	223
3339	160	233
3340	151	233
3341	139	225
3342	130	217
3343	129	215
3344	131	216
3345	133	219
3346	133	219
3347	124	210
3348	111	193
3349	101	175
3350	100	163
3351	109	164
3352	125	177
3353	142	195
3354	151	211
3355	151	218
3356	146	218
3357	137	213
3358	136	212
3359	140	215
3360	144	225
3361	145	231
3362	140	231
3363	127	219
3364	111	198
3365	99	177
3366	98	165
3367	106	165
3368	121	175
3369	134	187
3370	140	197
3371	140	198
3372	135	197
3373	133	196
3374	136	199
3375	145	212
3376	153	227
3377	154	235
3378	148	235
3379	131	222
3380	114	202
3381	102	182
3382	101	170
3383	108	170
3384	119	176
3385	127	183
3386	128	183
3387	126	179
3388	123	174
3389	124	174
3390	134	183
3391	147	200
3392	159	219
3393	160	231
3394	152	231
3395	136	219
3396	120	202
3397	110	187
3398	110	178
3399	116	179
3400	122	182
3401	123	182
3402	119	175
3403	113	164
3404	111	154
3405	116	155
3406	130	166
3407	146	186
3408	159	206
3409	160	218
3410	153	218
3411	139	209
3412	127	197
3413	121	188
3414	122	187
3415	126	189
3416	127	189
3417	123	183
3418	112	168
3419	103	152
3420	101	140
3421	107	139
3422	123	150
3423	141	169
3424	153	187
3425	154	197
3426	148	197
3427	138	191
3428	131	185
3429	132	184
3430	135	189
3431	137	194
3432	136	194
3433	125	184
3434	111	165
3435	98	145
3436	97	131
3437	103	130
3438	118	138
3439	135	153
3440	144	166
3441	144	171
3442	139	171
3443	134	167
3444	134	168
3445	139	175
3446	147	187
3447	148	196
3448	144	196
3449	130	184
3450	112	163
3451	99	142
3452	97	128
3453	104	127
3454	116	132
3455	128	142
3456	132	147
3457	132	147
3458	128	143
3459	127	142
3460	133	147
3461	144	160
3462	155	177
3463	156	189
3464	150	189
3465	136	179
3466	118	159
3467	105	140
3468	103	129
3469	108	128
3470	117	131
3471	123	133
3472	122	132
3473	118	124
3474	115	116
3475	117	115
3476	128	124
3477	144	141
3478	157	161
3479	159	175
3480	154	175
3481	141	167
3482	124	152
3483	115	138
3484	114	132
3485	119	133
3486	123	134
3487	122	131
3488	116	121
3489	107	107
3490	105	94
3491	108	93
3492	123	102
3493	141	121
3494	155	141
3495	157	153
3496	152	154
3497	140	149
3498	129	139
3499	126	133
3500	127	134
3501	131	137
3502	131	137
3503	125	131
3504	112	115
3505	100	95
3506	98	80
3507	102	78
3508	118	86
3509	135	102
3510	147	119
3511	148	128
3512	145	128
3513	137	124
3514	133	122
3515	134	124
3516	140	131
3517	142	139
3518	141	139
3519	129	130
3520	113	110
3521	99	88
3522	96	73
3523	101	71
3524	115	76
3525	129	88
3526	138	99
3527	138	101
3528	134	100
3529	132	98
3530	133	99
3531	140	109
3532	150	124
3533	152	135
3534	150	136
3535	134	128
3536	117	107
3537	103	87
3538	100	72
3539	104	70
3540	115	73
3541	125	80
3542	126	81
3543	125	79
3544	122	73
3545	121	72
3546	129	76
3547	143	92
3548	155	111
3549	157	126
3550	155	127
3551	140	119
3552	123	102
3553	110	86
3554	109	75
3555	112	74
3556	119	76
3557	121	76
3558	120	72
3559	114	61
3560	110	51
3561	112	49
3562	124	56
3563	141	74
3564	156	95
3565	158	109
3566	156	111
3567	143	106
3568	129	94
3569	121	85
3570	120	81
3571	125	82
3572	126	83
3573	125	80
3574	116	68
3575	106	51
3576	102	36
3577	104	33
3578	118	40
3579	137	58
3580	151	78
3581	154	90
3582	152	91
3583	142	88
3584	133	82
3585	131	81
3586	134	84
3587	138	90
3588	137	91
3589	129	85
3590	114	67
3591	101	46
3592	97	30
3593	100	27
3594	114	32
3595	131	47
3596	143	61
3597	144	70
3598	142	70
3599	136	67
3600	135	66
3601	138	73
3602	146	84
3603	149	94
3604	147	96
3605	136	89
3606	118	71
3607	103	49
3608	99	32
3609	101	29
3610	113	32
3611	127	42
3612	134	51
3613	134	51
3614	130	49
3615	129	47
3616	132	50
3617	142	62
3618	153	80
3619	158	94
3620	156	96
3621	142	91
3622	124	74
3623	109	54
3624	105	41
3625	108	38
3626	117	40
3627	124	45
3628	125	45
3629	121	39
3630	117	31
3631	117	29
3632	127	34
3633	142	51
3634	156	72
3635	161	89
3636	159	91
3637	146	88
3638	129	74
3639	118	61
3640	116	53
3641	119	52
3642	123	55
3643	124	55
3644	120	47
3645	111	33
3646	107	22
3647	108	19
3648	121	23
3649	139	41
3650	154	63
3651	159	79
3652	157	83
3653	146	81
3654	135	72
3655	128	65
3656	129	65
3657	133	69
3658	134	70
3659	130	69
3660	119	55
3661	106	36
3662	100	20
3663	102	16
3664	116	20
3665	134	37
3666	148	55
3667	152	68
3668	150	70
3669	142	69
3670	136	66
3671	136	67
3672	141	75
3673	146	85
3674	146	87
3675	136	83
3676	121	66
3677	105	45
3678	99	27
3679	101	23
3680	113	26
3681	128	39
3682	140	51
3683	141	58
3684	139	58
3685	135	56
3686	134	57
3687	141	66
3688	151	81
3689	156	95
3690	155	98
3691	143	95
3692	125	79
3693	109	58
3694	103	42
3695	104	38
3696	115	40
3697	126	48
3698	130	53
3699	130	53
3700	126	48
3701	125	46
3702	130	50
3703	143	64
3704	156	84
3705	162	101
3706	161	107
3707	148	104
3708	131	89
3709	117	73
3710	112	62
3711	114	60
3712	121	61
3713	125	63
3714	125	62
3715	119	54
3716	113	43
3717	114	40
3718	124	45
3719	140	62
3720	155	84
3721	163	103
3722	162	109
3723	150	107
3724	136	96
3725	126	86
3726	124	83
3727	127	84
3728	131	87
3729	130	86
3730	122	77
3731	111	62
3732	104	47
3733	105	43
3734	117	46
3735	135	63
3736	153	84
3737	158	100
3738	157	106
3739	148	105
3740	139	99
3741	135	98
3742	136	100
3743	141	107
3744	141	111
3745	136	109
3746	122	95
3747	108	76
3748	100	58
3749	101	53
3750	114	56
3751	130	70
3752	144	87
3753	148	98
3754	147	100
3755	141	99
3756	138	98
3757	140	103
3758	147	114
3759	153	127
3760	153	132
3761	143	130
3762	127	115
3763	110	94
3764	101	77
3765	102	71
3766	113	73
3767	127	83
3768	136	93
3769	137	97
3770	135	96
3771	132	94
3772	134	96
3773	142	107
3774	154	125
3775	161	143
3776	161	149
3777	150	148
3778	133	133
3779	116	115
3780	108	100
3781	109	95
3782	117	97
3783	126	103
3784	127	104
3785	126	102
3786	121	94
3787	120	92
3788	127	94
3789	141	109
3790	156	130
3791	165	150
3792	164	159
3793	153	158
3794	136	147
3795	124	133
3796	119	124
3797	120	123
3798	126	125
3799	127	126
3800	125	122
3801	116	111
3802	109	98
3803	109	93
3804	119	96
3805	138	114
3806	154	137
3807	162	154
3808	161	162
3809	151	161
3810	139	153
3811	131	147
3812	132	146
3813	135	150
3814	136	153
3815	134	152
3816	123	142
3817	110	124
3818	103	108
3819	104	103
3820	116	105
3821	133	122
3822	149	140
3823	155	155
3824	154	160
3825	146	159
3826	139	156
3827	138	157
3828	142	164
3829	148	175
3830	148	178
3831	141	177
3832	125	162
3833	109	143
3834	100	124
3835	101	118
3836	113	120
3837	128	133
3838	140	146
3839	143	154
3840	142	154
3841	137	153
3842	136	154
3843	141	162
3844	151	177
3845	157	192
3846	157	198
3847	147	197
3848	130	182
3849	113	162
3850	104	145
3851	105	139
3852	115	141
3853	126	149
3854	132	155
3855	132	155
3856	128	152
3857	127	150
3858	130	152
3859	141	164
3860	155	184
3861	163	202
3862	163	211
3863	152	210
3864	135	197
3865	120	180
3866	113	167
3867	114	164
3868	121	166
3869	126	168
3870	126	168
3871	121	161
3872	115	151
3873	114	147
3874	122	149
3875	138	164
3876	154	185
3877	163	205
3878	163	215
3879	153	214
3880	139	204
3881	127	194
3882	125	188
3883	126	189
3884	130	192
3885	130	192
3886	124	185
3887	113	170
3888	105	154
3889	104	148
3890	115	150
3891	132	165
3892	149	186
3893	157	203
3894	157	211
3895	149	211
3896	140	205
3897	134	202
3898	135	203
3899	140	210
3900	141	215
3901	137	214
3902	125	202
3903	110	183
3904	100	164
3905	100	155
3906	111	156
3907	127	170
3908	142	186
3909	148	199
3910	147	202
3911	141	201
3912	137	200
3913	138	203
3914	145	213
3915	151	226
3916	151	232
3917	145	231
3918	129	217
3919	112	196
3920	101	177
3921	101	167
3922	110	168
3923	123	178
3924	134	188
3925	135	192
3926	134	192
3927	130	188
3928	131	189
3929	139	199
3930	149	214
3931	159	232
3932	159	241
3933	150	240
3934	133	227
3935	117	208
3936	107	192
3937	107	184
3938	114	185
3939	123	190
3940	126	191
3941	125	190
3942	120	182
3943	119	178
3944	123	179
3945	136	191
3946	152	211
3947	162	231
3948	162	242
3949	153	242
3950	138	230
3951	124	216
3952	117	205
3953	118	203
3954	123	204
3955	125	204
3956	124	201
3957	116	189
3958	108	176
3959	107	168
3960	114	169
3961	131	183
3962	148	203
3963	160	223
3964	160	233
3965	150	233
3966	139	225
3967	130	217
3968	129	215
3969	131	216
3970	133	220
3971	133	220
3972	124	210
3973	111	193
3974	101	175
3975	100	163
3976	108	164
3977	125	177
3978	142	195
3979	151	211
3980	151	217
3981	145	217
3982	138	212
3983	136	211
3984	138	216
3985	143	226
3986	144	231
3987	140	231
3988	127	218
3989	111	198
3990	99	177
3991	98	165
3992	106	165
3993	121	175
3994	134	187
3995	140	197
3996	140	198
3997	135	197
3998	134	196
3999	136	199
4000	145	212
4001	153	227
4002	154	235
4003	147	235
4004	132	223
4005	114	202
4006	102	182
4007	101	171
4008	108	170
4009	119	176
4010	128	183
4011	128	183
4012	125	179
4013	123	174
4014	124	174
4015	134	183
4016	147	200
4017	159	219
4018	160	231
4019	152	231
4020	136	220
4021	120	202
4022	111	187
4023	110	179
4024	115	179
4025	121	182
4026	122	182
4027	119	175
4028	113	164
4029	111	155
4030	115	154
4031	130	166
4032	146	186
4033	159	206
4034	160	218
4035	153	218
4036	139	209
4037	126	197
4038	121	189
4039	122	187
4040	126	189
4041	127	189
4042	123	183
4043	113	169
4044	103	151
4045	101	140
4046	107	139
4047	124	150
4048	141	169
4049	153	187
4050	154	197
4051	148	197
4052	138	191
4053	131	185
4054	131	185
4055	135	190
4056	137	195
4057	136	195
4058	125	185
4059	110	165
4060	98	145
4061	96	131
4062	103	130
4063	119	139
4064	134	153
4065	144	167
4066	144	171
4067	140	171
4068	134	167
4069	134	168
4070	139	175
4071	146	187
4072	147	196
4073	144	196
4074	130	184
4075	113	163
4076	99	142
4077	97	128
4078	104	127
4079	116	132
4080	128	142
4081	132	147
4082	132	147
4083	127	143
4084	127	142
4085	133	147
4086	144	160
4087	154	178
4088	156	189
4089	151	189
4090	151	190
4091	135	178
4092	117	159
4093	105	140
4094	102	129
4095	109	127
