
TIME STEP:
125 = 2ms

VOLTAGE STEP:
CH1:  32 = 1.5V~
CH2:  32 = 0.5V~

N	CH1	CH2

0	73	117
1	80	99
2	100	97
3	123	96
4	146	98
5	163	108
6	174	123
7	176	134
8	175	134
9	165	123
10	151	103
11	131	84
12	110	72
13	89	73
14	72	82
15	61	92
16	59	96
17	65	95
18	79	91
19	98	91
20	120	100
21	141	117
22	159	135
23	173	149
24	181	149
25	181	139
26	176	121
27	162	104
28	144	97
29	121	97
30	98	103
31	80	105
32	68	104
33	65	95
34	68	89
35	79	88
36	95	101
37	114	121
38	135	142
39	156	156
40	172	157
41	185	149
42	187	136
43	184	127
44	172	125
45	153	127
46	131	129
47	109	128
48	91	118
49	78	104
50	71	92
51	71	92
52	78	106
53	91	128
54	110	148
55	132	159
56	154	159
57	173	153
58	188	146
59	192	145
60	191	151
61	179	156
62	163	156
63	143	149
64	122	133
65	103	114
66	87	102
67	77	103
68	75	115
69	77	134
70	88	150
71	107	157
72	129	157
73	153	153
74	174	153
75	188	159
76	195	170
77	195	181
78	187	181
79	174	170
80	156	151
81	136	131
82	115	119
83	96	119
84	82	130
85	76	143
86	77	151
87	87	152
88	107	152
89	127	151
90	150	156
91	171	169
92	186	186
93	196	199
94	198	199
95	196	190
96	185	171
97	169	152
98	148	142
99	125	142
100	104	149
101	88	156
102	80	156
103	81	152
104	89	146
105	105	147
106	124	156
107	145	174
108	165	195
109	183	209
110	197	210
111	204	201
112	204	186
113	195	172
114	178	166
115	157	167
116	134	172
117	113	172
118	96	165
119	87	154
120	86	145
121	90	144
122	102	155
123	119	176
124	139	197
125	160	211
126	181	212
127	198	205
128	207	195
129	208	190
130	201	190
131	186	194
132	166	195
133	145	192
134	124	178
135	107	161
136	95	149
137	89	148
138	90	158
139	99	177
140	114	197
141	134	208
142	157	208
143	179	204
144	197	199
145	208	200
146	209	209
147	205	217
148	193	218
149	176	211
150	157	192
151	137	172
152	118	158
153	102	157
154	93	166
155	91	181
156	96	193
157	110	199
158	130	199
159	152	196
160	174	197
161	192	206
162	205	219
163	209	232
164	208	233
165	200	225
166	186	206
167	168	185
168	147	171
169	125	170
170	108	177
171	96	187
172	93	191
173	96	191
174	108	187
175	126	186
176	146	191
177	167	206
178	186	225
179	200	239
180	209	240
181	210	233
182	207	216
183	195	199
184	177	188
185	156	187
186	133	192
187	113	194
188	100	193
189	95	185
190	97	176
191	106	175
192	120	183
193	139	201
194	158	223
195	178	237
196	196	239
197	209	232
198	213	219
199	212	209
200	201	205
201	183	206
202	162	208
203	140	207
204	121	197
205	106	182
206	98	169
207	97	167
208	102	175
209	113	194
210	130	215
211	150	229
212	172	230
213	192	225
214	207	216
215	213	214
216	213	216
217	204	221
218	188	223
219	169	218
220	149	202
221	130	183
222	113	167
223	101	165
224	96	172
225	97	188
226	106	205
227	122	214
228	142	214
229	165	211
230	186	209
231	202	212
232	210	221
233	211	232
234	206	234
235	194	227
236	178	208
237	158	185
238	138	169
239	118	167
240	103	172
241	93	185
242	92	194
243	100	195
244	115	194
245	135	192
246	157	194
247	177	204
248	193	220
249	205	233
250	209	235
251	208	229
252	199	211
253	184	190
254	164	176
255	143	174
256	121	177
257	103	184
258	93	185
259	91	181
260	96	173
261	109	171
262	126	176
263	146	192
264	166	212
265	184	227
266	199	229
267	207	223
268	208	208
269	202	192
270	189	183
271	169	182
272	146	185
273	124	185
274	106	181
275	94	169
276	91	156
277	92	153
278	101	158
279	116	177
280	135	198
281	155	213
282	175	215
283	193	210
284	205	198
285	206	190
286	203	189
287	190	191
288	172	192
289	150	189
290	129	177
291	110	158
292	97	144
293	88	141
294	87	145
295	92	161
296	104	180
297	123	192
298	144	193
299	166	190
300	186	184
301	199	183
302	202	187
303	201	196
304	191	197
305	175	192
306	156	175
307	135	153
308	116	136
309	98	133
310	85	136
311	82	149
312	84	162
313	95	169
314	113	169
315	134	165
316	157	164
317	176	170
318	190	181
319	198	193
320	198	196
321	192	191
322	179	172
323	161	151
324	141	133
325	119	129
326	98	132
327	83	141
328	77	146
329	78	146
330	87	142
331	104	139
332	124	141
333	145	153
334	164	169
335	180	184
336	191	187
337	194	183
338	192	166
339	182	148
340	165	134
341	143	130
342	120	132
343	99	136
344	82	135
345	74	128
346	73	117
347	81	114
348	94	117
349	111	132
350	132	152
351	152	169
352	170	172
353	185	168
354	192	155
355	192	143
356	183	135
357	166	135
358	145	136
359	122	136
360	101	127
361	84	113
362	73	98
363	71	94
364	73	97
365	83	112
366	98	133
367	118	148
368	141	151
369	161	149
370	178	139
371	188	133
372	188	133
373	181	138
374	167	139
375	147	137
376	126	122
377	105	101
378	87	85
379	73	79
380	65	82
381	65	96
382	72	113
383	87	124
384	107	125
385	131	123
386	152	119
387	170	119
388	180	127
389	181	137
390	179	140
391	168	137
392	151	120
393	131	97
394	110	79
395	90	73
396	73	75
397	61	86
398	59	96
399	64	99
400	78	98
401	98	95
402	119	95
403	141	103
404	158	117
405	171	131
406	177	135
407	177	133
408	170	116
409	156	94
410	136	77
411	114	71
412	91	73
413	71	80
414	59	82
415	56	80
416	59	73
417	70	68
418	87	70
419	107	84
420	128	102
421	147	120
422	163	124
423	173	122
424	175	109
425	172	91
426	158	79
427	139	77
428	116	78
429	93	79
430	73	77
431	59	66
432	53	54
433	54	48
434	63	50
435	76	65
436	94	87
437	115	104
438	137	109
439	155	107
440	169	96
441	173	86
442	171	83
443	160	84
444	141	86
445	120	85
446	98	75
447	78	59
448	62	41
449	52	33
450	51	36
451	54	51
452	66	71
453	84	86
454	105	89
455	128	88
456	148	81
457	163	79
458	169	81
459	169	89
460	160	92
461	144	90
462	126	76
463	104	55
464	84	36
465	66	27
466	52	29
467	46	42
468	47	57
469	57	66
470	75	67
471	96	66
472	119	64
473	140	67
474	156	78
475	165	91
476	165	97
477	161	95
478	149	79
479	133	57
480	112	38
481	90	30
482	69	32
483	53	41
484	44	50
485	44	51
486	52	48
487	69	45
488	88	45
489	110	55
490	130	71
491	147	89
492	159	96
493	164	95
494	164	81
495	155	61
496	139	46
497	118	40
498	95	41
499	73	46
500	55	46
501	45	42
502	44	33
503	49	27
504	62	29
505	80	43
506	99	63
507	120	83
508	140	91
509	155	90
510	164	78
511	165	65
512	159	56
513	144	55
514	123	56
515	101	57
516	79	53
517	61	40
518	49	25
519	45	17
520	47	19
521	56	34
522	71	56
523	90	73
524	112	82
525	134	81
526	152	72
527	164	65
528	165	65
529	161	69
530	148	73
531	130	73
532	110	63
533	88	44
534	70	25
535	55	16
536	46	17
537	45	30
538	50	48
539	64	63
540	83	68
541	106	68
542	129	63
543	148	63
544	161	71
545	164	82
546	163	88
547	153	88
548	138	74
549	119	53
550	99	33
551	78	23
552	60	24
553	48	35
554	45	48
555	47	56
556	60	56
557	78	54
558	101	54
559	123	60
560	142	74
561	156	90
562	164	100
563	164	99
564	160	87
565	147	67
566	129	49
567	108	39
568	86	40
569	66	48
570	52	55
571	46	55
572	48	47
573	59	43
574	75	44
575	95	56
576	116	75
577	136	95
578	153	106
579	164	106
580	168	95
581	167	79
582	157	65
583	139	61
584	117	63
585	94	66
586	74	66
587	59	58
588	51	47
589	50	38
590	57	39
591	70	53
592	88	75
593	108	95
594	131	107
595	150	107
596	165	98
597	173	88
598	173	84
599	163	85
600	146	88
601	126	88
602	105	83
603	85	69
604	69	53
605	58	42
606	54	43
607	56	56
608	66	76
609	83	94
610	103	103
611	126	103
612	148	99
613	165	96
614	175	97
615	175	106
616	169	114
617	156	114
618	138	103
619	118	86
620	97	65
621	79	53
622	64	53
623	56	66
624	56	81
625	64	93
626	80	98
627	100	97
628	124	96
629	146	98
630	163	108
631	174	123
632	176	133
633	175	134
634	166	123
635	150	102
636	131	83
637	109	72
638	89	73
639	71	81
640	60	92
641	59	95
642	65	95
643	79	91
644	98	91
645	120	100
646	141	117
647	159	135
648	173	149
649	181	149
650	181	138
651	176	122
652	162	105
653	143	97
654	121	98
655	98	103
656	80	106
657	68	105
658	66	96
659	68	89
660	79	89
661	95	101
662	115	121
663	136	144
664	156	156
665	173	157
666	185	149
667	187	137
668	185	126
669	172	124
670	153	127
671	131	129
672	110	128
673	91	118
674	77	103
675	71	93
676	71	92
677	78	105
678	91	127
679	110	148
680	131	159
681	154	159
682	173	153
683	188	146
684	192	145
685	191	150
686	180	156
687	163	156
688	143	149
689	123	133
690	103	114
691	87	103
692	77	103
693	75	115
694	77	134
695	88	149
696	106	157
697	130	157
698	153	153
699	174	153
700	188	159
701	195	170
702	195	181
703	187	181
704	174	171
705	156	152
706	136	132
707	115	119
708	96	120
709	82	130
710	76	143
711	78	152
712	88	152
713	106	152
714	127	151
715	150	155
716	171	169
717	187	186
718	197	199
719	198	199
720	196	189
721	185	169
722	168	152
723	148	142
724	125	143
725	104	149
726	88	156
727	80	156
728	81	152
729	89	147
730	104	146
731	124	156
732	145	174
733	166	195
734	184	209
735	197	210
736	204	201
737	204	186
738	195	172
739	179	167
740	157	168
741	134	172
742	113	172
743	97	166
744	87	154
745	86	145
746	91	145
747	102	155
748	119	177
749	139	198
750	160	212
751	181	212
752	197	205
753	208	195
754	208	190
755	201	190
756	186	194
757	166	195
758	145	192
759	124	178
760	107	161
761	95	149
762	89	148
763	90	158
764	99	177
765	114	196
766	134	208
767	157	208
768	179	204
769	197	199
770	208	200
771	209	209
772	205	217
773	193	218
774	175	209
775	156	191
776	136	171
777	117	157
778	102	156
779	93	165
780	91	181
781	96	194
782	110	200
783	130	199
784	152	197
785	174	198
786	193	207
787	205	220
788	209	232
789	208	233
790	200	225
791	186	206
792	168	185
793	147	171
794	126	169
795	108	177
796	95	187
797	93	191
798	96	191
799	108	187
800	126	186
801	146	191
802	167	206
803	186	225
804	200	239
805	209	240
806	210	233
807	208	216
808	195	198
809	177	188
810	155	187
811	133	192
812	114	194
813	99	193
814	95	185
815	96	176
816	106	175
817	120	183
818	139	202
819	158	223
820	178	238
821	196	239
822	209	233
823	213	220
824	212	209
825	201	205
826	183	206
827	162	208
828	140	207
829	121	198
830	105	182
831	98	169
832	97	167
833	102	175
834	113	194
835	130	215
836	150	229
837	172	230
838	192	225
839	206	216
840	213	214
841	213	216
842	204	222
843	188	223
844	169	217
845	149	202
846	129	182
847	113	167
848	101	165
849	95	172
850	96	188
851	106	204
852	122	214
853	143	214
854	165	210
855	185	208
856	202	211
857	210	221
858	211	232
859	206	233
860	193	227
861	176	207
862	158	186
863	137	170
864	118	168
865	102	172
866	93	185
867	92	194
868	100	196
869	115	195
870	135	193
871	157	194
872	177	204
873	194	220
874	205	233
875	209	235
876	208	229
877	199	211
878	185	191
879	165	176
880	143	174
881	121	177
882	104	184
883	93	185
884	91	180
885	96	173
886	109	171
887	126	176
888	145	191
889	166	211
890	184	226
891	199	228
892	208	223
893	208	207
894	203	193
895	189	183
896	169	182
897	146	185
898	125	185
899	107	181
900	94	168
901	90	156
902	92	153
903	101	159
904	116	177
905	134	197
906	154	213
907	174	215
908	193	210
909	205	199
910	207	190
911	203	189
912	190	191
913	172	192
914	150	190
915	130	177
916	111	160
917	96	145
918	88	141
919	87	145
920	92	161
921	104	180
922	123	193
923	144	194
924	167	191
925	186	183
926	199	182
927	202	187
928	201	196
929	191	197
930	175	192
931	156	174
932	136	153
933	115	136
934	98	132
935	85	135
936	82	149
937	84	161
938	94	168
939	113	168
940	135	165
941	157	164
942	176	169
943	190	181
944	198	193
945	198	195
946	192	191
947	179	173
948	161	151
949	140	133
950	118	129
951	99	132
952	83	141
953	77	147
954	78	147
955	87	142
956	104	139
957	124	141
958	145	152
959	165	169
960	180	185
961	191	187
962	194	183
963	193	166
964	182	147
965	165	134
966	144	130
967	120	132
968	99	136
969	82	136
970	74	128
971	73	117
972	80	113
973	94	117
974	111	132
975	131	152
976	152	169
977	172	172
978	185	168
979	192	155
980	192	142
981	183	135
982	166	135
983	145	136
984	122	136
985	101	128
986	84	113
987	73	98
988	71	93
989	73	96
990	83	113
991	98	133
992	118	149
993	141	151
994	162	149
995	178	139
996	188	133
997	188	134
998	181	138
999	167	140
1000	148	137
1001	126	122
1002	106	102
1003	87	85
1004	73	79
1005	65	82
1006	65	96
1007	72	113
1008	87	124
1009	107	125
1010	130	122
1011	152	118
1012	170	119
1013	180	127
1014	181	137
1015	179	140
1016	167	136
1017	151	121
1018	131	97
1019	110	78
1020	88	71
1021	72	73
1022	61	85
1023	59	95
1024	64	99
1025	78	98
1026	97	94
1027	119	94
1028	141	102
1029	159	118
1030	172	131
1031	177	135
1032	177	133
1033	170	116
1034	155	94
1035	136	78
1036	114	72
1037	91	74
1038	72	80
1039	58	82
1040	56	80
1041	58	73
1042	71	70
1043	87	71
1044	107	84
1045	128	103
1046	147	120
1047	163	125
1048	173	123
1049	174	108
1050	171	91
1051	159	80
1052	139	77
1053	116	78
1054	93	79
1055	73	77
1056	59	66
1057	53	54
1058	54	48
1059	62	50
1060	77	66
1061	95	87
1062	116	104
1063	137	109
1064	156	107
1065	169	96
1066	172	86
1067	171	82
1068	159	83
1069	141	85
1070	120	85
1071	97	74
1072	78	59
1073	62	41
1074	53	34
1075	51	35
1076	54	51
1077	65	69
1078	83	86
1079	105	89
1080	128	88
1081	149	81
1082	163	79
1083	169	82
1084	169	89
1085	160	92
1086	144	91
1087	125	77
1088	104	55
1089	84	36
1090	66	27
1091	52	29
1092	47	42
1093	48	57
1094	58	67
1095	76	68
1096	96	66
1097	120	64
1098	140	67
1099	156	78
1100	165	91
1101	165	97
1102	161	95
1103	149	79
1104	133	57
1105	112	38
1106	90	30
1107	69	32
1108	53	40
1109	44	49
1110	43	50
1111	52	48
1112	69	45
1113	88	45
1114	110	55
1115	130	71
1116	147	88
1117	159	96
1118	164	95
1119	164	81
1120	155	62
1121	140	46
1122	118	40
1123	95	41
1124	73	47
1125	55	47
1126	45	42
1127	44	33
1128	50	28
1129	62	29
1130	81	44
1131	99	63
1132	120	83
1133	140	91
1134	155	90
1135	165	78
1136	165	65
1137	159	55
1138	144	54
1139	124	57
1140	101	57
1141	79	53
1142	61	40
1143	49	25
1144	45	18
1145	46	19
1146	56	33
1147	72	55
1148	90	73
1149	112	81
1150	134	80
1151	152	72
1152	164	65
1153	165	65
1154	161	69
1155	148	73
1156	130	73
1157	109	63
1158	88	44
1159	70	25
1160	54	16
1161	46	17
1162	45	31
1163	50	49
1164	64	64
1165	83	68
1166	106	68
1167	129	64
1168	148	64
1169	161	71
1170	164	82
1171	163	89
1172	153	88
1173	138	75
1174	120	53
1175	99	34
1176	78	23
1177	60	24
1178	48	35
1179	45	48
1180	47	56
1181	60	56
1182	79	54
1183	101	53
1184	123	60
1185	142	74
1186	156	90
1187	164	100
1188	164	100
1189	160	87
1190	148	66
1191	130	48
1192	108	39
1193	86	40
1194	66	48
1195	52	54
1196	46	54
1197	48	48
1198	58	43
1199	75	44
1200	94	55
1201	116	75
1202	136	95
1203	152	106
1204	164	106
1205	168	94
1206	167	79
1207	157	66
1208	139	62
1209	117	63
1210	95	66
1211	73	66
1212	59	59
1213	51	47
1214	50	39
1215	58	40
1216	71	54
1217	88	75
1218	108	95
1219	130	107
1220	150	107
1221	165	98
1222	173	89
1223	173	83
1224	163	84
1225	147	88
1226	127	88
1227	105	83
1228	84	68
1229	69	52
1230	58	41
1231	54	42
1232	56	56
1233	66	76
1234	82	94
1235	104	104
1236	126	104
1237	148	99
1238	165	95
1239	175	97
1240	175	105
1241	169	113
1242	156	113
1243	138	103
1244	118	85
1245	98	65
1246	79	53
1247	65	54
1248	57	66
1249	56	81
1250	64	93
1251	80	98
1252	101	97
1253	124	96
1254	146	98
1255	163	109
1256	174	123
1257	176	134
1258	175	134
1259	165	123
1260	149	103
1261	132	84
1262	110	72
1263	89	73
1264	71	82
1265	60	91
1266	59	96
1267	65	95
1268	79	91
1269	98	91
1270	120	100
1271	141	116
1272	159	135
1273	173	149
1274	181	149
1275	181	139
1276	176	121
1277	162	105
1278	143	97
1279	121	98
1280	98	103
1281	80	105
1282	67	104
1283	65	96
1284	67	88
1285	79	88
1286	95	100
1287	115	121
1288	135	142
1289	155	156
1290	173	157
1291	184	149
1292	186	137
1293	184	127
1294	172	125
1295	153	127
1296	131	129
1297	110	128
1298	91	118
1299	78	103
1300	71	94
1301	71	93
1302	78	106
1303	92	128
1304	110	148
1305	131	159
1306	154	159
1307	174	153
1308	187	146
1309	192	145
1310	190	150
1311	180	156
1312	163	156
1313	143	149
1314	122	133
1315	103	115
1316	87	102
1317	77	103
1318	75	115
1319	77	134
1320	88	149
1321	107	157
1322	129	157
1323	153	153
1324	173	153
1325	188	159
1326	195	170
1327	195	181
1328	187	181
1329	174	171
1330	155	151
1331	136	131
1332	115	119
1333	96	119
1334	82	130
1335	76	143
1336	77	152
1337	88	153
1338	106	151
1339	127	151
1340	150	156
1341	171	169
1342	187	186
1343	197	199
1344	198	199
1345	196	190
1346	185	170
1347	169	152
1348	147	142
1349	125	142
1350	104	149
1351	88	156
1352	80	156
1353	81	152
1354	89	146
1355	105	146
1356	124	155
1357	145	174
1358	166	195
1359	183	208
1360	197	209
1361	203	200
1362	203	186
1363	195	172
1364	179	166
1365	157	167
1366	134	171
1367	113	171
1368	97	166
1369	87	154
1370	86	145
1371	90	144
1372	102	155
1373	119	176
1374	139	198
1375	161	212
1376	181	212
1377	198	205
1378	208	195
1379	208	190
1380	201	190
1381	186	194
1382	165	195
1383	145	191
1384	124	177
1385	107	161
1386	95	149
1387	89	148
1388	90	158
1389	99	178
1390	114	197
1391	134	208
1392	157	208
1393	179	204
1394	196	199
1395	208	200
1396	209	208
1397	205	217
1398	193	218
1399	176	209
1400	156	192
1401	136	171
1402	117	157
1403	102	156
1404	92	166
1405	91	181
1406	96	193
1407	110	199
1408	130	199
1409	152	196
1410	174	197
1411	193	207
1412	205	220
1413	209	232
1414	209	233
1415	200	225
1416	186	206
1417	168	185
1418	147	171
1419	127	170
1420	108	177
1421	95	187
1422	93	192
1423	96	191
1424	107	186
1425	126	185
1426	146	191
1427	167	207
1428	186	225
1429	201	239
1430	208	240
1431	210	233
1432	207	216
1433	195	199
1434	177	187
1435	155	187
1436	133	192
1437	114	195
1438	100	194
1439	95	185
1440	96	176
1441	105	174
1442	120	182
1443	139	201
1444	158	223
1445	178	237
1446	196	238
1447	209	232
1448	213	219
1449	212	209
1450	201	205
1451	183	206
1452	162	208
1453	140	207
1454	121	197
1455	106	183
1456	98	169
1457	97	167
1458	102	175
1459	113	194
1460	130	215
1461	150	229
1462	171	230
1463	191	225
1464	207	216
1465	213	214
1466	213	217
1467	204	222
1468	188	223
1469	169	218
1470	149	202
1471	130	183
1472	113	167
1473	102	165
1474	96	172
1475	97	188
1476	106	204
1477	122	214
1478	143	214
1479	165	210
1480	186	209
1481	202	211
1482	210	221
1483	211	232
1484	205	233
1485	194	226
1486	177	208
1487	158	186
1488	138	170
1489	118	168
1490	102	173
1491	93	185
1492	92	194
1493	100	195
1494	115	193
1495	135	192
1496	157	194
1497	177	204
1498	194	220
1499	205	233
1500	209	235
1501	208	229
1502	199	211
1503	184	190
1504	165	177
1505	143	174
1506	121	177
1507	104	184
1508	93	185
1509	91	181
1510	96	173
1511	109	171
1512	126	176
1513	145	191
1514	166	212
1515	184	227
1516	199	229
1517	208	223
1518	209	207
1519	203	193
1520	189	183
1521	169	182
1522	146	185
1523	125	185
1524	106	180
1525	94	168
1526	90	156
1527	92	153
1528	101	158
1529	116	176
1530	134	197
1531	155	213
1532	175	215
1533	193	210
1534	205	198
1535	207	190
1536	203	188
1537	190	191
1538	171	192
1539	151	189
1540	129	177
1541	110	158
1542	97	144
1543	88	140
1544	87	144
1545	92	161
1546	104	180
1547	123	193
1548	144	194
1549	166	190
1550	186	183
1551	199	182
1552	202	187
1553	201	196
1554	191	197
1555	175	192
1556	156	175
1557	135	153
1558	116	136
1559	98	132
1560	86	135
1561	82	150
1562	84	161
1563	95	168
1564	113	168
1565	135	165
1566	157	164
1567	176	169
1568	190	181
1569	198	193
1570	198	195
1571	192	191
1572	178	172
1573	161	151
1574	140	133
1575	119	129
1576	98	132
1577	83	141
1578	76	147
1579	77	147
1580	87	142
1581	104	138
1582	124	140
1583	145	152
1584	164	169
1585	180	185
1586	191	187
1587	194	183
1588	193	166
1589	182	148
1590	165	134
1591	144	131
1592	120	133
1593	98	136
1594	82	135
1595	74	128
1596	73	117
1597	80	114
1598	94	117
1599	111	133
1600	132	153
1601	152	169
1602	170	172
1603	185	169
1604	192	155
1605	192	143
1606	183	135
1607	167	135
1608	145	136
1609	122	136
1610	101	128
1611	84	113
1612	74	98
1613	71	93
1614	73	96
1615	82	112
1616	98	132
1617	118	148
1618	140	151
1619	162	149
1620	178	139
1621	188	133
1622	188	133
1623	181	138
1624	167	139
1625	147	137
1626	126	123
1627	105	102
1628	87	86
1629	73	79
1630	65	82
1631	65	97
1632	72	113
1633	87	124
1634	107	125
1635	130	122
1636	152	118
1637	170	119
1638	181	127
1639	182	138
1640	179	140
1641	167	137
1642	151	120
1643	131	97
1644	110	80
1645	89	72
1646	72	74
1647	61	85
1648	59	96
1649	64	99
1650	78	98
1651	97	95
1652	119	94
1653	141	103
1654	159	117
1655	172	131
1656	178	135
1657	178	133
1658	170	116
1659	156	95
1660	136	77
1661	114	71
1662	91	73
1663	71	80
1664	58	82
1665	56	80
1666	58	73
1667	70	69
1668	87	71
1669	107	83
1670	128	102
1671	147	120
1672	163	125
1673	173	122
1674	175	108
1675	172	91
1676	158	80
1677	139	77
1678	116	78
1679	93	79
1680	73	77
1681	59	66
1682	53	54
1683	54	48
1684	62	50
1685	77	66
1686	95	87
1687	116	104
1688	137	109
1689	155	108
1690	169	96
1691	173	87
1692	171	82
1693	159	83
1694	142	86
1695	120	85
1696	98	75
1697	78	58
1698	62	41
1699	53	33
1700	51	35
1701	54	50
1702	66	70
1703	84	85
1704	105	89
1705	128	88
1706	148	81
1707	163	79
1708	169	81
1709	169	89
1710	159	92
1711	144	90
1712	125	76
1713	105	56
1714	84	36
1715	66	27
1716	52	29
1717	46	42
1718	47	57
1719	58	67
1720	75	68
1721	97	66
1722	119	65
1723	140	67
1724	156	79
1725	165	91
1726	165	97
1727	161	95
1728	149	79
1729	133	58
1730	112	38
1731	90	30
1732	69	31
1733	53	41
1734	44	49
1735	44	50
1736	52	48
1737	69	44
1738	88	45
1739	110	55
1740	130	72
1741	147	88
1742	159	96
1743	164	95
1744	163	81
1745	155	61
1746	139	46
1747	118	40
1748	95	41
1749	73	46
1750	55	46
1751	45	42
1752	44	32
1753	49	26
1754	62	28
1755	80	42
1756	99	63
1757	120	83
1758	140	91
1759	156	90
1760	165	78
1761	165	65
1762	159	56
1763	144	55
1764	123	57
1765	100	57
1766	79	53
1767	61	40
1768	49	25
1769	45	17
1770	47	19
1771	57	35
1772	70	55
1773	90	73
1774	112	81
1775	134	81
1776	152	73
1777	164	65
1778	165	64
1779	161	69
1780	148	73
1781	130	73
1782	109	62
1783	88	44
1784	70	25
1785	55	15
1786	46	17
1787	45	30
1788	50	49
1789	64	62
1790	83	68
1791	106	67
1792	129	63
1793	148	63
1794	161	70
1795	163	81
1796	162	88
1797	153	88
1798	138	74
1799	119	54
1800	99	34
1801	78	23
1802	61	25
1803	48	35
1804	45	48
1805	47	56
1806	60	56
1807	79	54
1808	101	54
1809	123	60
1810	143	74
1811	156	91
1812	164	100
1813	164	99
1814	160	87
1815	147	66
1816	130	48
1817	108	40
1818	86	41
1819	66	48
1820	52	54
1821	47	54
1822	48	49
1823	59	43
1824	75	44
1825	95	56
1826	116	74
1827	136	94
1828	152	106
1829	164	106
1830	168	94
1831	167	79
1832	157	66
1833	139	61
1834	117	62
1835	94	66
1836	74	66
1837	59	59
1838	51	46
1839	50	38
1840	57	39
1841	71	53
1842	88	75
1843	109	95
1844	130	107
1845	150	107
1846	165	98
1847	172	88
1848	172	84
1849	163	85
1850	147	88
1851	127	88
1852	105	83
1853	85	69
1854	69	52
1855	58	42
1856	54	43
1857	56	56
1858	66	76
1859	83	94
1860	104	104
1861	127	104
1862	149	98
1863	165	96
1864	175	97
1865	175	106
1866	169	114
1867	156	114
1868	138	103
1869	118	85
1870	97	65
1871	79	52
1872	65	53
1873	56	65
1874	55	81
1875	64	93
1876	80	98
1877	100	97
1878	124	96
1879	146	98
1880	163	108
1881	174	122
1882	176	134
1883	175	134
1884	165	123
1885	150	103
1886	131	83
1887	110	72
1888	89	73
1889	71	82
1890	61	91
1891	59	95
1892	65	95
1893	79	91
1894	98	91
1895	120	100
1896	141	116
1897	159	136
1898	173	149
1899	181	149
1900	181	139
1901	176	121
1902	162	105
1903	143	97
1904	121	98
1905	98	103
1906	80	106
1907	68	105
1908	66	96
1909	68	89
1910	79	89
1911	95	101
1912	115	121
1913	135	142
1914	156	156
1915	173	157
1916	185	149
1917	187	136
1918	184	127
1919	172	125
1920	153	127
1921	132	128
1922	109	127
1923	91	118
1924	77	103
1925	71	92
1926	71	91
1927	78	106
1928	92	127
1929	110	148
1930	131	159
1931	154	159
1932	173	152
1933	188	146
1934	192	145
1935	191	151
1936	179	156
1937	162	156
1938	143	149
1939	122	132
1940	103	114
1941	87	103
1942	77	103
1943	75	115
1944	77	134
1945	88	150
1946	107	157
1947	130	157
1948	153	155
1949	174	154
1950	188	159
1951	195	171
1952	195	181
1953	188	181
1954	174	171
1955	156	151
1956	136	131
1957	115	119
1958	95	119
1959	82	130
1960	76	143
1961	77	151
1962	88	152
1963	106	151
1964	127	151
1965	150	156
1966	170	169
1967	187	185
1968	197	199
1969	198	199
1970	196	191
1971	185	170
1972	168	152
1973	148	142
1974	125	142
1975	104	149
1976	88	156
1977	80	156
1978	81	152
1979	89	147
1980	105	147
1981	124	156
1982	145	174
1983	166	195
1984	184	209
1985	197	210
1986	203	200
1987	203	186
1988	194	173
1989	178	166
1990	157	167
1991	134	172
1992	113	172
1993	97	166
1994	87	154
1995	86	145
1996	90	144
1997	102	156
1998	119	177
1999	139	198
2000	161	211
2001	181	212
2002	198	206
2003	208	195
2004	208	189
2005	201	190
2006	186	194
2007	166	195
2008	145	192
2009	125	178
2010	107	161
2011	95	149
2012	89	148
2013	90	158
2014	99	177
2015	114	196
2016	134	208
2017	156	208
2018	179	204
2019	197	199
2020	208	200
2021	209	208
2022	205	217
2023	193	217
2024	176	210
2025	156	192
2026	136	171
2027	117	158
2028	102	157
2029	92	166
2030	91	181
2031	96	193
2032	110	199
2033	130	198
2034	152	197
2035	174	198
2036	193	206
2037	205	219
2038	209	232
2039	208	233
2040	200	225
2041	186	205
2042	168	185
2043	147	171
2044	126	170
2045	108	177
2046	95	187
2047	93	191
2048	96	191
2049	108	187
2050	126	186
2051	146	191
2052	167	206
2053	186	225
2054	200	238
2055	210	239
2056	211	232
2057	207	216
2058	195	198
2059	177	188
2060	155	187
2061	133	192
2062	114	194
2063	100	193
2064	96	185
2065	97	176
2066	106	175
2067	121	183
2068	139	202
2069	159	223
2070	179	238
2071	196	239
2072	209	233
2073	213	219
2074	212	209
2075	201	205
2076	183	206
2077	162	208
2078	140	207
2079	121	197
2080	106	182
2081	99	170
2082	98	168
2083	102	175
2084	113	194
2085	130	215
2086	150	229
2087	171	230
2088	191	225
2089	206	216
2090	213	214
2091	213	216
2092	204	223
2093	188	224
2094	169	217
2095	149	202
2096	130	183
2097	113	167
2098	101	165
2099	96	173
2100	98	188
2101	106	205
2102	122	215
2103	143	215
2104	165	211
2105	186	209
2106	202	211
2107	211	221
2108	211	233
2109	206	234
2110	194	227
2111	177	208
2112	158	186
2113	137	170
2114	118	167
2115	102	172
2116	94	185
2117	93	194
2118	101	195
2119	116	194
2120	135	192
2121	157	194
2122	177	204
2123	194	219
2124	205	233
2125	209	235
2126	208	229
2127	199	210
2128	184	191
2129	164	175
2130	143	173
2131	121	177
2132	104	183
2133	93	184
2134	91	181
2135	96	173
2136	109	171
2137	126	175
2138	146	192
2139	166	211
2140	184	226
2141	199	228
2142	208	223
2143	208	208
2144	203	192
2145	188	183
2146	169	182
2147	146	185
2148	124	186
2149	106	181
2150	94	169
2151	91	156
2152	92	153
2153	101	159
2154	116	177
2155	134	197
2156	155	212
2157	175	214
2158	193	211
2159	205	199
2160	207	191
2161	203	190
2162	190	191
2163	172	192
2164	151	189
2165	129	176
2166	111	159
2167	97	144
2168	88	140
2169	87	145
2170	92	161
2171	105	180
2172	123	192
2173	145	193
2174	167	190
2175	186	183
2176	199	182
2177	202	188
2178	201	195
2179	191	197
2180	175	192
2181	156	175
2182	135	153
2183	115	136
2184	98	133
2185	86	136
2186	82	149
2187	84	161
2188	95	169
2189	113	169
2190	134	165
2191	157	164
2192	176	169
2193	191	182
2194	198	194
2195	198	196
2196	191	191
2197	179	172
2198	161	151
2199	141	133
2200	119	129
2201	99	132
2202	83	141
2203	76	147
2204	77	147
2205	87	142
2206	104	139
2207	124	141
2208	145	152
2209	164	170
2210	180	185
2211	191	187
2212	194	183
2213	193	166
2214	182	148
2215	165	134
2216	143	130
2217	120	132
2218	99	135
2219	82	135
2220	74	128
2221	73	117
2222	81	114
2223	94	117
2224	112	132
2225	131	152
2226	152	169
2227	171	172
2228	185	168
2229	192	155
2230	192	142
2231	183	135
2232	166	134
2233	145	136
2234	122	136
2235	101	127
2236	84	113
2237	73	98
2238	71	93
2239	73	96
2240	83	113
2241	98	133
2242	118	149
2243	141	151
2244	162	149
2245	178	139
2246	189	133
2247	189	134
2248	181	138
2249	167	139
2250	148	137
2251	126	122
2252	105	103
2253	87	85
2254	73	79
2255	65	82
2256	65	96
2257	72	113
2258	87	124
2259	107	125
2260	130	123
2261	152	118
2262	170	119
2263	180	127
2264	182	137
2265	179	140
2266	166	137
2267	151	119
2268	131	97
2269	110	79
2270	89	72
2271	72	74
2272	61	85
2273	59	95
2274	64	99
2275	78	98
2276	98	95
2277	119	95
2278	141	103
2279	159	117
2280	172	133
2281	177	136
2282	177	133
2283	170	117
2284	155	94
2285	137	78
2286	114	72
2287	91	73
2288	71	80
2289	58	82
2290	56	81
2291	59	73
2292	70	69
2293	87	71
2294	107	84
2295	128	103
2296	147	120
2297	163	125
2298	173	123
2299	175	108
2300	171	91
2301	158	79
2302	139	77
2303	116	78
2304	93	79
2305	73	77
2306	59	66
2307	53	53
2308	54	47
2309	63	50
2310	77	66
2311	95	87
2312	116	104
2313	137	109
2314	155	107
2315	169	96
2316	173	87
2317	171	83
2318	159	84
2319	141	86
2320	120	85
2321	98	75
2322	78	58
2323	62	41
2324	53	34
2325	51	36
2326	54	52
2327	66	70
2328	84	86
2329	105	89
2330	128	88
2331	149	82
2332	163	80
2333	169	82
2334	168	89
2335	160	92
2336	144	90
2337	125	76
2338	105	55
2339	84	36
2340	66	27
2341	52	29
2342	46	42
2343	47	57
2344	57	67
2345	75	67
2346	96	65
2347	119	64
2348	140	67
2349	156	78
2350	165	91
2351	165	97
2352	161	95
2353	149	79
2354	132	57
2355	112	38
2356	90	30
2357	69	31
2358	52	41
2359	44	49
2360	43	50
2361	53	48
2362	68	44
2363	88	45
2364	110	55
2365	131	72
2366	147	89
2367	159	96
2368	164	95
2369	164	81
2370	155	62
2371	139	46
2372	118	40
2373	95	41
2374	73	46
2375	55	47
2376	45	42
2377	44	32
2378	50	27
2379	62	28
2380	80	42
2381	100	63
2382	120	83
2383	140	91
2384	155	90
2385	165	78
2386	165	65
2387	159	56
2388	143	55
2389	123	57
2390	101	57
2391	79	53
2392	61	39
2393	49	25
2394	45	17
2395	47	19
2396	55	34
2397	71	55
2398	90	73
2399	112	81
2400	134	81
2401	152	72
2402	164	65
2403	165	64
2404	161	69
2405	148	73
2406	130	73
2407	109	62
2408	88	44
2409	69	25
2410	55	16
2411	46	17
2412	45	31
2413	50	48
2414	64	63
2415	83	68
2416	106	68
2417	129	64
2418	148	64
2419	160	71
2420	164	82
2421	163	88
2422	153	88
2423	138	75
2424	119	54
2425	99	34
2426	78	24
2427	60	25
2428	48	36
2429	45	48
2430	47	56
2431	60	56
2432	79	54
2433	101	53
2434	123	60
2435	142	74
2436	156	90
2437	164	100
2438	165	99
2439	160	87
2440	147	66
2441	130	48
2442	109	39
2443	86	40
2444	66	48
2445	52	54
2446	46	54
2447	48	49
2448	58	43
2449	75	44
2450	95	55
2451	115	75
2452	135	95
2453	152	106
2454	164	106
2455	168	94
2456	167	79
2457	156	67
2458	140	62
2459	117	63
2460	95	66
2461	74	66
2462	58	58
2463	51	47
2464	50	38
2465	57	39
2466	71	53
2467	88	75
2468	108	95
2469	130	106
2470	150	106
2471	165	98
2472	172	88
2473	172	83
2474	163	84
2475	147	88
2476	128	89
2477	105	83
2478	85	68
2479	69	52
2480	58	42
2481	54	43
2482	56	56
2483	66	76
2484	82	94
2485	104	104
2486	126	104
2487	148	99
2488	165	96
2489	175	97
2490	175	105
2491	169	113
2492	156	113
2493	138	103
2494	118	84
2495	98	65
2496	79	53
2497	65	54
2498	56	66
2499	56	81
2500	64	93
2501	80	98
2502	100	98
2503	124	96
2504	146	98
2505	163	109
2506	174	122
2507	176	134
2508	175	134
2509	165	123
2510	150	103
2511	131	83
2512	110	72
2513	89	72
2514	71	81
2515	61	91
2516	59	96
2517	65	95
2518	79	91
2519	98	91
2520	120	99
2521	141	116
2522	159	135
2523	173	148
2524	181	149
2525	181	139
2526	176	121
2527	162	105
2528	143	97
2529	121	98
2530	98	103
2531	80	106
2532	68	105
2533	66	96
2534	68	88
2535	79	89
2536	95	101
2537	115	122
2538	136	143
2539	156	156
2540	173	157
2541	185	150
2542	186	135
2543	184	127
2544	172	125
2545	153	127
2546	131	129
2547	110	128
2548	90	118
2549	78	103
2550	71	93
2551	71	92
2552	78	106
2553	91	127
2554	110	148
2555	131	159
2556	154	159
2557	174	153
2558	188	146
2559	192	145
2560	191	150
2561	179	156
2562	163	156
2563	143	149
2564	122	133
2565	103	114
2566	87	102
2567	77	103
2568	74	116
2569	76	133
2570	89	149
2571	106	155
2572	129	156
2573	153	153
2574	174	153
2575	188	159
2576	195	171
2577	195	180
2578	187	181
2579	174	171
2580	156	151
2581	136	132
2582	115	119
2583	96	120
2584	82	130
2585	76	143
2586	78	151
2587	88	153
2588	107	152
2589	128	151
2590	150	156
2591	171	169
2592	187	186
2593	196	198
2594	198	199
2595	196	190
2596	185	170
2597	168	152
2598	148	142
2599	125	142
2600	104	149
2601	88	155
2602	80	156
2603	80	152
2604	89	146
2605	105	146
2606	124	155
2607	145	174
2608	166	194
2609	184	209
2610	197	209
2611	204	200
2612	204	185
2613	194	172
2614	178	166
2615	157	167
2616	134	171
2617	113	171
2618	96	166
2619	87	154
2620	86	145
2621	90	144
2622	102	155
2623	119	177
2624	139	198
2625	161	212
2626	181	212
2627	198	206
2628	208	195
2629	208	189
2630	201	190
2631	187	194
2632	166	195
2633	145	192
2634	124	178
2635	107	161
2636	96	150
2637	90	149
2638	91	158
2639	99	177
2640	114	197
2641	134	207
2642	156	208
2643	179	203
2644	197	199
2645	208	200
2646	209	208
2647	205	217
2648	193	218
2649	174	209
2650	156	192
2651	136	171
2652	117	157
2653	102	156
2654	92	165
2655	91	181
2656	96	193
2657	110	199
2658	130	199
2659	152	197
2660	174	198
2661	193	206
2662	205	220
2663	209	233
2664	208	234
2665	200	225
2666	186	205
2667	168	185
2668	147	171
2669	126	170
2670	108	178
2671	95	188
2672	93	192
2673	96	191
2674	108	187
2675	126	186
2676	146	192
2677	167	207
2678	186	225
2679	201	239
2680	210	240
2681	211	233
2682	207	216
2683	195	198
2684	177	188
2685	155	187
2686	133	192
2687	114	194
2688	100	193
2689	95	185
2690	97	176
2691	106	174
2692	120	182
2693	138	202
2694	159	223
2695	178	238
2696	196	239
2697	209	232
2698	212	219
2699	211	209
2700	201	205
2701	183	206
2702	162	208
2703	140	207
2704	121	197
2705	106	183
2706	97	168
2707	97	167
2708	102	175
2709	113	194
2710	130	216
2711	150	229
2712	172	230
2713	192	225
2714	207	217
2715	214	215
2716	214	218
2717	204	223
2718	187	223
2719	169	218
2720	149	202
2721	130	183
2722	113	167
2723	101	165
2724	96	172
2725	97	188
2726	106	204
2727	122	214
2728	143	214
2729	165	210
2730	186	209
2731	202	211
2732	210	221
2733	211	231
2734	206	233
2735	194	226
2736	177	207
2737	157	186
2738	137	169
2739	118	167
2740	102	172
2741	93	184
2742	92	194
2743	100	195
2744	115	194
2745	135	192
2746	157	194
2747	177	204
2748	193	219
2749	205	233
2750	209	235
2751	208	229
2752	199	211
2753	184	190
2754	165	176
2755	142	173
2756	121	177
2757	104	184
2758	93	185
2759	91	181
2760	96	173
2761	109	171
2762	126	176
2763	146	192
2764	166	212
2765	184	227
2766	199	229
2767	208	223
2768	208	208
2769	203	192
2770	189	183
2771	169	182
2772	146	185
2773	124	185
2774	106	180
2775	94	169
2776	91	156
2777	92	153
2778	101	158
2779	116	176
2780	134	197
2781	155	212
2782	175	214
2783	192	210
2784	205	198
2785	206	190
2786	203	189
2787	190	191
2788	172	192
2789	150	189
2790	129	176
2791	111	159
2792	97	144
2793	88	141
2794	87	145
2795	92	161
2796	105	180
2797	123	193
2798	144	194
2799	167	191
2800	186	183
2801	199	182
2802	202	188
2803	201	196
2804	192	198
2805	175	192
2806	156	175
2807	135	153
2808	115	136
2809	99	133
2810	86	136
2811	82	149
2812	84	162
2813	95	169
2814	113	169
2815	135	165
2816	157	164
2817	177	169
2818	191	181
2819	197	193
2820	197	196
2821	191	191
2822	179	172
2823	161	150
2824	140	133
2825	118	129
2826	98	131
2827	83	141
2828	76	147
2829	77	147
2830	87	142
2831	104	139
2832	124	140
2833	145	152
2834	164	169
2835	180	185
2836	191	187
2837	194	183
2838	193	166
2839	182	148
2840	165	134
2841	143	131
2842	120	133
2843	99	136
2844	82	136
2845	73	128
2846	73	117
2847	81	114
2848	94	117
2849	111	133
2850	131	153
2851	152	169
2852	171	172
2853	185	168
2854	192	155
2855	192	142
2856	183	135
2857	167	135
2858	145	136
2859	122	135
2860	101	128
2861	84	113
2862	73	98
2863	71	93
2864	73	96
2865	83	113
2866	99	133
2867	118	149
2868	140	150
2869	161	148
2870	178	139
2871	188	133
2872	188	133
2873	181	138
2874	167	139
2875	147	137
2876	126	123
2877	105	103
2878	87	85
2879	73	79
2880	65	82
2881	65	96
2882	72	113
2883	87	124
2884	107	125
2885	130	122
2886	152	119
2887	170	120
2888	181	127
2889	182	137
2890	179	140
2891	167	137
2892	151	120
2893	131	97
2894	110	78
2895	90	72
2896	72	74
2897	61	86
2898	59	95
2899	64	99
2900	78	98
2901	98	94
2902	120	95
2903	141	102
2904	159	117
2905	172	131
2906	178	135
2907	178	133
2908	169	115
2909	155	94
2910	136	76
2911	114	71
2912	91	73
2913	71	80
2914	59	82
2915	56	81
2916	58	73
2917	70	69
2918	87	71
2919	107	84
2920	128	104
2921	147	120
2922	163	125
2923	173	123
2924	174	108
2925	172	91
2926	159	80
2927	140	77
2928	116	78
2929	93	79
2930	73	77
2931	60	67
2932	53	54
2933	54	47
2934	62	49
2935	76	66
2936	94	87
2937	115	104
2938	137	109
2939	156	107
2940	169	96
2941	172	86
2942	171	82
2943	159	83
2944	142	86
2945	120	85
2946	98	74
2947	78	57
2948	62	40
2949	53	34
2950	51	36
2951	54	50
2952	66	70
2953	84	85
2954	105	89
2955	128	88
2956	149	81
2957	163	79
2958	170	81
2959	170	89
2960	159	91
2961	144	90
2962	125	76
2963	105	55
2964	84	36
2965	66	28
2966	52	30
2967	46	42
2968	47	57
2969	57	67
2970	75	68
2971	97	65
2972	120	64
2973	140	68
2974	156	79
2975	165	91
2976	166	97
2977	161	95
2978	149	79
2979	132	57
2980	112	38
2981	90	30
2982	69	32
2983	52	40
2984	44	49
2985	44	50
2986	52	48
2987	68	43
2988	88	44
2989	111	55
2990	130	72
2991	147	88
2992	159	95
2993	164	94
2994	164	81
2995	155	62
2996	139	46
2997	118	40
2998	95	41
2999	73	46
3000	55	46
3001	45	41
3002	44	33
3003	49	26
3004	62	28
3005	80	42
3006	100	64
3007	120	83
3008	140	91
3009	155	90
3010	165	78
3011	165	65
3012	159	56
3013	144	55
3014	124	57
3015	101	57
3016	79	53
3017	61	40
3018	49	25
3019	45	17
3020	47	19
3021	55	33
3022	71	54
3023	90	73
3024	112	81
3025	134	81
3026	152	72
3027	164	65
3028	165	64
3029	161	69
3030	148	73
3031	130	73
3032	108	62
3033	88	43
3034	69	24
3035	55	15
3036	46	17
3037	45	30
3038	50	48
3039	64	63
3040	83	68
3041	106	68
3042	129	63
3043	148	63
3044	160	70
3045	164	82
3046	163	88
3047	153	88
3048	138	75
3049	119	53
3050	98	34
3051	78	24
3052	60	25
3053	48	36
3054	45	49
3055	47	56
3056	60	57
3057	80	54
3058	101	53
3059	123	60
3060	143	74
3061	157	91
3062	164	100
3063	164	99
3064	160	86
3065	148	66
3066	130	48
3067	109	39
3068	86	40
3069	66	48
3070	52	54
3071	46	54
3072	48	48
3073	59	43
3074	75	44
3075	95	56
3076	116	75
3077	136	95
3078	152	106
3079	164	106
3080	168	94
3081	167	79
3082	157	66
3083	139	61
3084	117	63
3085	94	66
3086	74	66
3087	58	58
3088	50	47
3089	50	38
3090	57	39
3091	71	53
3092	88	75
3093	108	96
3094	130	107
3095	150	107
3096	165	98
3097	173	88
3098	173	84
3099	163	84
3100	147	88
3101	127	89
3102	105	83
3103	85	69
3104	68	52
3105	58	42
3106	54	42
3107	56	56
3108	66	76
3109	83	95
3110	103	103
3111	127	103
3112	148	99
3113	165	96
3114	175	98
3115	175	105
3116	169	113
3117	156	113
3118	138	102
3119	118	84
3120	97	64
3121	79	53
3122	64	53
3123	56	65
3124	56	81
3125	64	93
3126	80	98
3127	100	97
3128	123	96
3129	146	98
3130	163	108
3131	174	122
3132	176	134
3133	175	134
3134	165	123
3135	150	103
3136	131	84
3137	110	73
3138	90	74
3139	71	81
3140	60	91
3141	59	95
3142	65	95
3143	79	91
3144	98	91
3145	120	100
3146	141	117
3147	159	136
3148	173	148
3149	181	149
3150	181	139
3151	176	122
3152	162	105
3153	143	97
3154	121	98
3155	98	104
3156	79	105
3157	68	105
3158	66	96
3159	69	89
3160	79	89
3161	95	100
3162	115	121
3163	136	142
3164	156	156
3165	173	156
3166	184	149
3167	186	136
3168	184	127
3169	172	125
3170	153	127
3171	132	128
3172	109	127
3173	90	117
3174	77	103
3175	71	92
3176	71	92
3177	78	105
3178	92	128
3179	110	149
3180	131	159
3181	154	159
3182	174	153
3183	187	146
3184	192	145
3185	191	151
3186	179	156
3187	163	156
3188	143	149
3189	122	133
3190	103	115
3191	87	103
3192	77	103
3193	75	116
3194	77	135
3195	88	150
3196	107	157
3197	129	157
3198	153	153
3199	173	153
3200	189	159
3201	194	169
3202	194	180
3203	187	181
3204	174	170
3205	156	151
3206	136	131
3207	115	119
3208	96	120
3209	82	130
3210	76	143
3211	77	151
3212	88	152
3213	105	152
3214	127	151
3215	150	156
3216	170	169
3217	187	186
3218	196	199
3219	197	199
3220	196	189
3221	185	170
3222	168	152
3223	147	142
3224	125	142
3225	104	150
3226	88	156
3227	80	156
3228	81	152
3229	89	147
3230	105	147
3231	124	156
3232	145	175
3233	166	195
3234	183	209
3235	197	209
3236	204	201
3237	204	186
3238	195	172
3239	178	167
3240	158	168
3241	134	172
3242	113	172
3243	97	166
3244	87	154
3245	86	145
3246	90	144
3247	102	155
3248	119	176
3249	139	198
3250	160	212
3251	181	212
3252	198	205
3253	208	195
3254	208	189
3255	201	190
3256	186	194
3257	166	195
3258	145	192
3259	124	178
3260	107	161
3261	95	149
3262	89	148
3263	90	158
3264	99	177
3265	114	196
3266	134	207
3267	156	208
3268	179	204
3269	197	199
3270	208	200
3271	209	209
3272	204	217
3273	193	218
3274	176	210
3275	157	192
3276	137	171
3277	117	158
3278	102	157
3279	92	166
3280	91	181
3281	96	193
3282	110	199
3283	130	199
3284	152	197
3285	175	198
3286	193	206
3287	205	220
3288	209	232
3289	209	233
3290	200	225
3291	186	205
3292	168	185
3293	147	171
3294	126	170
3295	108	177
3296	96	188
3297	93	192
3298	96	191
3299	108	186
3300	126	185
3301	146	191
3302	167	206
3303	186	225
3304	200	238
3305	210	240
3306	211	232
3307	207	216
3308	195	198
3309	177	188
3310	155	187
3311	133	192
3312	113	195
3313	100	194
3314	95	186
3315	96	176
3316	106	174
3317	120	183
3318	139	201
3319	158	223
3320	179	238
3321	196	239
3322	210	234
3323	213	219
3324	212	209
3325	201	205
3326	183	206
3327	162	208
3328	140	207
3329	121	197
3330	106	183
3331	98	169
3332	97	167
3333	102	175
3334	113	194
3335	130	215
3336	150	228
3337	172	229
3338	192	225
3339	207	216
3340	213	214
3341	213	216
3342	204	222
3343	188	223
3344	169	218
3345	149	202
3346	129	183
3347	113	167
3348	101	165
3349	96	172
3350	97	188
3351	106	204
3352	122	214
3353	143	214
3354	164	210
3355	186	209
3356	202	211
3357	210	221
3358	210	232
3359	206	234
3360	194	227
3361	177	209
3362	158	186
3363	137	169
3364	118	167
3365	102	172
3366	93	185
3367	93	194
3368	100	195
3369	115	194
3370	135	192
3371	157	194
3372	177	204
3373	193	219
3374	205	233
3375	209	235
3376	208	229
3377	199	210
3378	184	189
3379	165	176
3380	143	174
3381	121	177
3382	103	184
3383	93	185
3384	91	181
3385	96	173
3386	109	171
3387	126	176
3388	146	192
3389	166	212
3390	184	227
3391	198	229
3392	207	222
3393	208	208
3394	203	193
3395	188	183
3396	169	182
3397	146	185
3398	124	185
3399	106	181
3400	94	168
3401	91	157
3402	92	154
3403	102	159
3404	116	177
3405	134	198
3406	154	212
3407	175	214
3408	193	211
3409	205	198
3410	206	190
3411	204	189
3412	190	191
3413	172	192
3414	150	189
3415	129	177
3416	111	159
3417	97	144
3418	88	140
3419	87	144
3420	92	161
3421	105	180
3422	123	193
3423	144	194
3424	166	190
3425	186	184
3426	199	183
3427	202	187
3428	201	196
3429	191	197
3430	174	192
3431	156	175
3432	135	153
3433	116	137
3434	98	133
3435	86	136
3436	82	150
3437	84	162
3438	95	169
3439	113	169
3440	135	165
3441	157	164
3442	177	170
3443	190	181
3444	198	194
3445	198	196
3446	192	191
3447	179	172
3448	161	151
3449	140	133
3450	119	129
3451	98	132
3452	83	143
3453	76	147
3454	77	147
3455	87	142
3456	104	139
3457	124	141
3458	145	153
3459	165	169
3460	181	185
3461	191	187
3462	194	183
3463	192	167
3464	182	147
3465	165	134
3466	143	131
3467	120	133
3468	99	135
3469	82	135
3470	74	128
3471	73	117
3472	81	114
3473	94	117
3474	112	132
3475	131	153
3476	152	169
3477	170	172
3478	185	169
3479	192	155
3480	192	142
3481	183	135
3482	166	134
3483	145	136
3484	122	136
3485	100	128
3486	84	113
3487	73	98
3488	71	93
3489	73	96
3490	82	112
3491	99	133
3492	119	149
3493	141	151
3494	162	149
3495	178	139
3496	188	133
3497	188	133
3498	181	138
3499	167	139
3500	147	137
3501	126	123
3502	105	102
3503	87	85
3504	73	79
3505	65	82
3506	65	96
3507	72	112
3508	87	124
3509	107	125
3510	130	123
3511	152	118
3512	170	119
3513	180	127
3514	182	137
3515	179	140
3516	167	137
3517	151	120
3518	131	97
3519	110	79
3520	89	72
3521	72	74
3522	61	85
3523	59	96
3524	64	99
3525	78	99
3526	96	94
3527	119	94
3528	141	103
3529	159	117
3530	172	132
3531	177	135
3532	177	133
3533	170	116
3534	156	94
3535	136	78
3536	114	72
3537	91	73
3538	72	80
3539	59	82
3540	56	81
3541	59	73
3542	70	69
3543	88	71
3544	107	84
3545	128	103
3546	147	120
3547	163	125
3548	173	123
3549	174	108
3550	172	92
3551	158	79
3552	139	76
3553	116	78
3554	93	79
3555	73	76
3556	59	66
3557	53	53
3558	54	48
3559	62	50
3560	77	66
3561	95	87
3562	115	104
3563	137	109
3564	156	107
3565	169	96
3566	172	86
3567	171	82
3568	159	83
3569	141	86
3570	120	85
3571	97	75
3572	78	58
3573	63	41
3574	52	34
3575	51	36
3576	54	51
3577	66	71
3578	84	86
3579	105	89
3580	128	88
3581	149	81
3582	164	79
3583	170	82
3584	170	88
3585	159	92
3586	145	90
3587	125	76
3588	104	55
3589	84	36
3590	66	27
3591	52	29
3592	46	42
3593	47	56
3594	57	66
3595	75	68
3596	98	67
3597	119	65
3598	140	67
3599	156	79
3600	165	91
3601	165	97
3602	161	95
3603	149	79
3604	132	57
3605	112	39
3606	90	30
3607	69	32
3608	52	41
3609	44	49
3610	43	50
3611	53	48
3612	69	44
3613	88	45
3614	110	55
3615	130	72
3616	147	89
3617	159	96
3618	164	95
3619	164	80
3620	155	61
3621	139	46
3622	118	40
3623	95	41
3624	73	46
3625	55	46
3626	46	43
3627	44	33
3628	49	27
3629	62	28
3630	80	42
3631	99	63
3632	120	83
3633	140	91
3634	156	90
3635	165	78
3636	165	65
3637	159	55
3638	144	54
3639	124	56
3640	100	57
3641	79	53
3642	61	39
3643	49	25
3644	45	17
3645	46	18
3646	56	33
3647	71	55
3648	90	74
3649	112	81
3650	134	80
3651	152	72
3652	164	66
3653	165	65
3654	161	69
3655	147	73
3656	129	73
3657	109	62
3658	88	44
3659	69	25
3660	54	15
3661	46	17
3662	45	31
3663	50	49
3664	64	63
3665	83	68
3666	106	67
3667	129	63
3668	148	64
3669	161	71
3670	164	82
3671	163	88
3672	153	88
3673	138	74
3674	119	54
3675	99	33
3676	78	24
3677	60	25
3678	48	35
3679	45	48
3680	47	56
3681	60	56
3682	79	54
3683	101	53
3684	123	59
3685	143	74
3686	157	90
3687	164	100
3688	165	99
3689	160	86
3690	148	66
3691	130	47
3692	108	39
3693	86	40
3694	66	48
3695	52	54
3696	46	54
3697	48	49
3698	59	44
3699	75	45
3700	95	56
3701	116	75
3702	136	95
3703	152	106
3704	164	106
3705	168	94
3706	167	79
3707	157	66
3708	139	62
3709	117	63
3710	94	66
3711	74	66
3712	59	58
3713	51	47
3714	50	38
3715	57	39
3716	71	54
3717	88	75
3718	109	95
3719	131	107
3720	150	107
3721	165	98
3722	173	88
3723	173	83
3724	163	84
3725	147	89
3726	127	89
3727	105	83
3728	84	69
3729	68	52
3730	58	41
3731	54	42
3732	56	56
3733	66	76
3734	82	94
3735	104	103
3736	126	103
3737	148	98
3738	165	96
3739	175	97
3740	175	106
3741	169	114
3742	156	114
3743	137	103
3744	118	85
3745	97	65
3746	79	53
3747	64	54
3748	56	66
3749	56	81
3750	64	93
3751	80	98
3752	101	98
3753	124	96
3754	146	98
3755	163	108
3756	174	123
3757	176	134
3758	175	134
3759	165	123
3760	150	103
3761	131	83
3762	110	72
3763	89	73
3764	72	82
3765	60	91
3766	59	95
3767	65	95
3768	79	91
3769	98	91
3770	120	99
3771	141	116
3772	159	135
3773	173	149
3774	181	149
3775	181	139
3776	176	122
3777	162	105
3778	143	97
3779	120	98
3780	98	103
3781	80	105
3782	68	104
3783	66	96
3784	68	89
3785	79	89
3786	95	101
3787	115	121
3788	135	142
3789	156	156
3790	173	157
3791	185	149
3792	187	136
3793	184	127
3794	172	125
3795	153	127
3796	131	128
3797	109	127
3798	91	117
3799	77	103
3800	71	92
3801	71	91
3802	78	105
3803	92	127
3804	110	147
3805	131	159
3806	154	159
3807	174	153
3808	188	146
3809	191	145
3810	190	150
3811	179	155
3812	163	156
3813	143	149
3814	122	133
3815	103	114
3816	87	102
3817	77	103
3818	75	116
3819	77	134
3820	89	150
3821	107	157
3822	129	157
3823	153	153
3824	174	153
3825	189	160
3826	195	171
3827	195	181
3828	188	182
3829	174	171
3830	156	152
3831	136	131
3832	115	120
3833	96	120
3834	82	130
3835	76	143
3836	77	151
3837	88	152
3838	106	152
3839	127	151
3840	150	156
3841	171	169
3842	187	186
3843	197	198
3844	198	198
3845	196	189
3846	185	170
3847	168	152
3848	148	141
3849	125	142
3850	104	149
3851	88	155
3852	80	156
3853	81	152
3854	89	145
3855	104	146
3856	124	155
3857	145	174
3858	165	195
3859	184	209
3860	197	209
3861	203	200
3862	203	186
3863	194	172
3864	178	167
3865	157	167
3866	134	172
3867	113	172
3868	96	166
3869	87	154
3870	86	145
3871	91	145
3872	102	156
3873	119	177
3874	139	198
3875	161	212
3876	182	213
3877	198	206
3878	208	195
3879	208	189
3880	201	190
3881	186	194
3882	166	195
3883	145	192
3884	124	177
3885	106	161
3886	95	149
3887	90	148
3888	91	158
3889	99	178
3890	114	197
3891	134	208
3892	156	208
3893	179	203
3894	197	199
3895	208	200
3896	209	208
3897	205	217
3898	193	218
3899	177	210
3900	156	192
3901	136	171
3902	117	157
3903	102	156
3904	92	166
3905	91	180
3906	96	193
3907	110	199
3908	130	199
3909	152	196
3910	174	197
3911	193	206
3912	205	220
3913	209	232
3914	208	233
3915	200	225
3916	186	206
3917	168	185
3918	147	171
3919	126	170
3920	108	177
3921	96	187
3922	93	191
3923	96	191
3924	108	186
3925	126	185
3926	146	191
3927	167	207
3928	186	225
3929	200	239
3930	209	240
3931	210	232
3932	207	216
3933	195	198
3934	177	188
3935	155	187
3936	133	192
3937	114	195
3938	100	195
3939	95	185
3940	96	175
3941	106	174
3942	120	183
3943	139	201
3944	158	223
3945	178	237
3946	196	239
3947	209	233
3948	213	219
3949	212	209
3950	201	205
3951	183	206
3952	162	208
3953	140	207
3954	121	197
3955	107	182
3956	98	169
3957	97	167
3958	102	175
3959	113	195
3960	130	215
3961	150	229
3962	172	230
3963	192	225
3964	207	217
3965	213	214
3966	213	216
3967	204	222
3968	188	223
3969	169	218
3970	149	202
3971	129	182
3972	113	167
3973	101	165
3974	96	171
3975	97	188
3976	106	204
3977	122	214
3978	143	214
3979	165	211
3980	186	209
3981	202	211
3982	210	221
3983	211	231
3984	206	232
3985	194	227
3986	177	207
3987	157	185
3988	138	170
3989	118	167
3990	102	172
3991	93	185
3992	92	194
3993	100	195
3994	115	194
3995	136	192
3996	157	194
3997	177	204
3998	194	221
3999	205	233
4000	209	235
4001	208	229
4002	199	211
4003	184	190
4004	165	176
4005	143	174
4006	121	177
4007	104	184
4008	93	185
4009	91	181
4010	96	173
4011	109	171
4012	126	175
4013	146	192
4014	167	212
4015	185	227
4016	199	229
4017	208	223
4018	208	208
4019	203	192
4020	189	183
4021	169	182
4022	146	185
4023	124	185
4024	106	180
4025	94	168
4026	90	155
4027	92	153
4028	101	158
4029	116	176
4030	134	197
4031	155	213
4032	175	215
4033	193	210
4034	204	199
4035	206	190
4036	203	189
4037	190	191
4038	172	192
4039	150	189
4040	129	177
4041	111	159
4042	97	144
4043	88	141
4044	87	145
4045	92	161
4046	105	180
4047	123	193
4048	144	194
4049	167	190
4050	186	183
4051	199	182
4052	202	187
4053	201	196
4054	191	197
4055	175	192
4056	156	175
4057	135	153
4058	115	136
4059	99	133
4060	86	136
4061	82	149
4062	84	162
4063	95	168
4064	113	168
4065	135	165
4066	157	164
4067	176	169
4068	190	181
4069	198	193
4070	198	195
4071	191	191
4072	179	172
4073	161	150
4074	141	133
4075	118	129
4076	98	132
4077	84	142
4078	76	147
4079	77	147
4080	87	142
4081	104	139
4082	124	141
4083	145	152
4084	164	169
4085	180	185
4086	191	187
4087	194	183
4088	193	168
4089	182	149
4090	182	149
4091	165	134
4092	143	130
4093	120	133
4094	99	137
4095	82	136
