  Hz	 Vrms	dBV
1000	0.023	-32.804
1100	0.025	-32.011
1200	0.028	-31.128
1300	0.030	-30.323
1400	0.033	-29.527
1500	0.036	-28.798
1600	0.039	-28.075
1700	0.043	-27.347
1800	0.047	-26.637
1900	0.050	-25.956
2000	0.054	-25.301
2100	0.059	-24.567
2200	0.064	-23.922
2300	0.069	-23.224
2400	0.075	-22.546
2500	0.081	-21.825
2600	0.088	-21.073
2700	0.096	-20.377
2800	0.105	-19.575
2900	0.114	-18.852
3000	0.125	-18.054
3100	0.136	-17.326
3200	0.150	-16.491
3300	0.164	-15.679
3400	0.179	-14.929
3500	0.195	-14.221
3600	0.209	-13.592
3700	0.221	-13.102
3800	0.231	-12.738
3900	0.235	-12.597
4000	0.234	-12.623
4100	0.227	-12.863
4200	0.219	-13.192
4300	0.209	-13.585
4400	0.198	-14.084
4500	0.187	-14.562
4600	0.177	-15.058
4700	0.167	-15.571
4800	0.157	-16.083
4900	0.148	-16.581
5000	0.141	-17.024
5100	0.134	-17.448
5200	0.127	-17.938
5300	0.121	-18.380
5400	0.115	-18.794
5500	0.110	-19.138
5600	0.106	-19.491
5700	0.102	-19.829
5800	0.098	-20.197
5900	0.094	-20.547
6000	0.091	-20.832
6100	0.088	-21.147
6200	0.085	-21.454
6300	0.082	-21.732
6400	0.079	-22.001
6500	0.077	-22.226
6600	0.075	-22.499
6700	0.073	-22.755
6800	0.071	-22.978
6900	0.069	-23.234
7000	0.067	-23.437
7100	0.066	-23.653
7200	0.064	-23.879
7300	0.063	-24.073
7400	0.061	-24.253
7500	0.060	-24.468
7600	0.059	-24.632
7700	0.057	-24.849
7800	0.056	-24.992
7900	0.055	-25.180
8000	0.054	-25.334
8100	0.053	-25.515
8200	0.052	-25.662
8300	0.051	-25.819
8400	0.050	-25.981
8500	0.049	-26.138
8600	0.049	-26.279
8700	0.048	-26.426
8800	0.047	-26.563
8900	0.046	-26.721
9000	0.045	-26.862
9100	0.045	-26.978
9200	0.044	-27.108
9300	0.043	-27.274
9400	0.043	-27.404
9500	0.042	-27.509
9600	0.041	-27.639
9700	0.041	-27.740
9800	0.040	-27.881
9900	0.040	-28.058
10000	0.039	-28.160
  Hz	 Vrms	dBV
1000	0.316	-9.996
1100	0.320	-9.897
1200	0.326	-9.746
1300	0.331	-9.616
1400	0.337	-9.460
1500	0.342	-9.330
1600	0.350	-9.119
1700	0.358	-8.930
1800	0.366	-8.740
1900	0.375	-8.512
2000	0.386	-8.260
2100	0.397	-8.015
2200	0.411	-7.731
2300	0.425	-7.430
2400	0.441	-7.114
2500	0.459	-6.759
2600	0.481	-6.349
2700	0.505	-5.933
2800	0.529	-5.532
2900	0.558	-5.066
3000	0.588	-4.618
3100	0.626	-4.065
3200	0.664	-3.562
3300	0.706	-3.019
3400	0.748	-2.523
3500	0.791	-2.034
3600	0.828	-1.638
3700	0.853	-1.385
3800	0.862	-1.295
3900	0.853	-1.381
4000	0.826	-1.658
4100	0.790	-2.048
4200	0.741	-2.609
4300	0.693	-3.190
4400	0.639	-3.896
4500	0.592	-4.549
4600	0.546	-5.257
4700	0.506	-5.918
4800	0.469	-6.583
4900	0.434	-7.254
5000	0.404	-7.871
5100	0.372	-8.583
5200	0.348	-9.162
5300	0.325	-9.761
5400	0.306	-10.280
5500	0.287	-10.857
5600	0.271	-11.348
5700	0.254	-11.900
5800	0.240	-12.383
5900	0.229	-12.817
6000	0.215	-13.337
6100	0.205	-13.745
6200	0.196	-14.174
6300	0.187	-14.575
6400	0.178	-14.994
6500	0.171	-15.326
6600	0.164	-15.720
6700	0.157	-16.086
6800	0.150	-16.476
6900	0.144	-16.808
7000	0.139	-17.135
7100	0.134	-17.487
7200	0.128	-17.843
7300	0.124	-18.156
7400	0.119	-18.481
7500	0.115	-18.762
7600	0.111	-19.125
7700	0.107	-19.403
7800	0.104	-19.662
7900	0.100	-20.031
8000	0.097	-20.305
8100	0.093	-20.589
8200	0.091	-20.845
8300	0.088	-21.137
8400	0.085	-21.384
8500	0.083	-21.636
8600	0.081	-21.880
8700	0.078	-22.128
8800	0.076	-22.350
8900	0.074	-22.610
9000	0.072	-22.851
9100	0.070	-23.101
9200	0.068	-23.317
9300	0.067	-23.531
9400	0.065	-23.740
9500	0.063	-23.967
9600	0.062	-24.175
9700	0.060	-24.405
9800	0.059	-24.576
9900	0.058	-24.768
10000	0.056	-24.990
  Hz	 Vrms	dBV
1000	0.020	-33.976
1100	0.024	-32.226
1200	0.030	-30.568
1300	0.035	-29.078
1400	0.041	-27.656
1500	0.048	-26.305
1600	0.056	-24.979
1700	0.065	-23.773
1800	0.075	-22.555
1900	0.086	-21.357
2000	0.097	-20.227
2100	0.110	-19.181
2200	0.126	-18.019
2300	0.142	-16.963
2400	0.161	-15.875
2500	0.181	-14.835
2600	0.206	-13.733
2700	0.231	-12.710
2800	0.263	-11.617
2900	0.298	-10.522
3000	0.339	-9.396
3100	0.384	-8.312
3200	0.436	-7.220
3300	0.492	-6.158
3400	0.559	-5.058
3500	0.625	-4.076
3600	0.693	-3.188
3700	0.758	-2.409
3800	0.808	-1.850
3900	0.846	-1.453
4000	0.863	-1.275
4100	0.864	-1.271
4200	0.852	-1.391
4300	0.832	-1.601
4400	0.804	-1.898
4500	0.773	-2.235
4600	0.744	-2.563
4700	0.716	-2.905
4800	0.691	-3.213
4900	0.665	-3.544
5000	0.640	-3.876
5100	0.618	-4.179
5200	0.601	-4.422
5300	0.580	-4.735
5400	0.565	-4.966
5500	0.551	-5.181
5600	0.538	-5.387
5700	0.525	-5.592
5800	0.513	-5.792
5900	0.506	-5.924
6000	0.493	-6.143
6100	0.484	-6.300
6200	0.476	-6.452
6300	0.468	-6.589
6400	0.461	-6.718
6500	0.455	-6.832
6600	0.447	-6.990
6700	0.441	-7.119
6800	0.434	-7.253
6900	0.430	-7.326
7000	0.426	-7.409
7100	0.422	-7.491
7200	0.416	-7.624
7300	0.410	-7.751
7400	0.407	-7.817
7500	0.404	-7.877
7600	0.401	-7.946
7700	0.393	-8.114
7800	0.391	-8.163
7900	0.388	-8.225
8000	0.386	-8.271
8100	0.382	-8.350
8200	0.381	-8.380
8300	0.377	-8.476
8400	0.374	-8.531
8500	0.373	-8.572
8600	0.371	-8.615
8700	0.369	-8.663
8800	0.368	-8.694
8900	0.365	-8.753
9000	0.363	-8.804
9100	0.361	-8.842
9200	0.359	-8.895
9300	0.358	-8.917
9400	0.356	-8.970
9500	0.355	-8.997
9600	0.353	-9.042
9700	0.352	-9.062
9800	0.351	-9.085
9900	0.350	-9.124
10000	0.348	-9.168
