
TIME STEP:
125 = 2ms

VOLTAGE STEP:
CH1:  32 = 0.5V~
CH2:  32 = 0.5V~

N	CH1	CH2

0	115	93
1	183	160
2	180	152
3	170	140
4	162	139
5	158	151
6	158	169
7	164	187
8	172	197
9	179	197
10	183	191
11	184	186
12	184	185
13	184	189
14	187	195
15	190	195
16	190	184
17	185	165
18	177	145
19	166	131
20	156	130
21	150	139
22	149	154
23	151	166
24	158	171
25	162	171
26	164	167
27	165	168
28	167	175
29	171	187
30	176	196
31	183	196
32	183	183
33	181	163
34	174	142
35	162	128
36	153	127
37	146	133
38	145	142
39	145	147
40	146	147
41	146	143
42	146	142
43	145	147
44	147	161
45	154	178
46	162	189
47	169	189
48	173	178
49	172	159
50	166	140
51	156	128
52	149	128
53	145	131
54	141	133
55	139	132
56	137	124
57	133	116
58	128	115
59	127	123
60	128	141
61	135	161
62	145	175
63	153	175
64	158	166
65	158	151
66	154	138
67	149	132
68	144	132
69	142	133
70	139	131
71	136	120
72	130	106
73	122	94
74	114	93
75	110	102
76	111	121
77	117	141
78	126	154
79	134	154
80	140	149
81	140	139
82	140	133
83	138	134
84	137	137
85	137	137
86	137	131
87	134	115
88	126	95
89	114	80
90	105	78
91	99	86
92	99	103
93	102	119
94	108	128
95	114	128
96	118	124
97	118	122
98	118	123
99	122	131
100	126	139
101	130	139
102	130	130
103	128	110
104	120	88
105	109	74
106	99	71
107	93	76
108	90	89
109	91	99
110	94	101
111	97	100
112	97	98
113	98	99
114	100	109
115	107	124
116	112	136
117	119	137
118	122	127
119	121	107
120	115	87
121	105	72
122	95	70
123	89	73
124	85	82
125	85	82
126	84	79
127	81	73
128	80	71
129	79	77
130	81	92
131	87	111
132	96	126
133	105	127
134	110	119
135	110	102
136	105	86
137	98	75
138	92	74
139	88	77
140	85	77
141	83	72
142	79	61
143	73	51
144	66	49
145	62	56
146	64	74
147	70	95
148	79	110
149	88	111
150	94	106
151	95	94
152	94	84
153	92	81
154	88	82
155	87	83
156	87	80
157	83	68
158	73	50
159	68	36
160	57	34
161	52	40
162	52	58
163	58	79
164	65	91
165	73	92
166	79	88
167	80	82
168	81	81
169	81	84
170	83	90
171	86	91
172	86	85
173	84	67
174	77	46
175	66	29
176	56	26
177	48	31
178	47	47
179	49	61
180	55	70
181	59	70
182	62	67
183	63	66
184	67	73
185	68	83
186	74	94
187	81	96
188	84	89
189	84	71
190	77	48
191	67	32
192	57	29
193	51	33
194	47	43
195	47	50
196	49	51
197	49	49
198	49	47
199	49	50
200	51	62
201	57	80
202	66	94
203	75	96
204	81	91
205	81	74
206	77	55
207	69	41
208	61	39
209	55	41
210	52	45
211	51	45
212	49	39
213	46	31
214	41	29
215	39	34
216	40	51
217	46	72
218	56	89
219	66	91
220	74	88
221	75	74
222	73	60
223	68	53
224	64	52
225	61	55
226	60	55
227	58	46
228	53	33
229	46	21
230	38	18
231	34	24
232	34	42
233	39	63
234	52	80
235	59	83
236	65	81
237	68	72
238	68	65
239	67	66
240	68	70
241	69	71
242	69	68
243	66	55
244	61	36
245	53	20
246	43	16
247	36	20
248	35	37
249	39	56
250	46	69
251	53	70
252	58	69
253	59	66
254	62	67
255	65	75
256	69	85
257	74	86
258	79	84
259	77	66
260	71	44
261	61	27
262	51	23
263	44	26
264	42	39
265	43	52
266	47	58
267	50	58
268	52	56
269	54	57
270	56	66
271	61	81
272	69	96
273	77	99
274	83	95
275	83	78
276	80	58
277	71	42
278	63	38
279	56	40
280	53	49
281	53	53
282	53	52
283	53	48
284	51	46
285	51	50
286	52	64
287	59	84
288	69	102
289	79	106
290	87	104
291	88	89
292	87	73
293	82	62
294	76	60
295	72	62
296	70	63
297	68	62
298	66	54
299	62	43
300	56	40
301	52	45
302	52	62
303	58	84
304	69	102
305	79	109
306	87	107
307	91	96
308	91	86
309	88	82
310	87	83
311	86	86
312	86	86
313	85	77
314	81	61
315	74	46
316	65	42
317	59	46
318	59	63
319	63	84
320	72	100
321	81	106
322	88	105
323	93	100
324	93	98
325	95	100
326	97	107
327	99	111
328	99	109
329	101	95
330	98	76
331	90	58
332	80	53
333	74	56
334	71	69
335	74	87
336	79	98
337	85	100
338	89	99
339	92	99
340	94	103
341	98	115
342	104	128
343	112	132
344	118	130
345	118	115
346	115	94
347	106	76
348	97	71
349	90	73
350	87	83
351	87	93
352	90	96
353	92	96
354	92	94
355	93	96
356	96	107
357	101	125
358	110	142
359	120	149
360	128	147
361	130	133
362	129	114
363	124	100
364	115	95
365	108	96
366	108	103
367	107	104
368	106	102
369	104	94
370	101	91
371	99	93
372	100	109
373	107	130
374	116	151
375	127	159
376	136	158
377	140	146
378	140	133
379	136	124
380	132	123
381	128	125
382	128	126
383	128	122
384	125	111
385	119	98
386	113	93
387	107	96
388	107	114
389	112	137
390	122	154
391	132	161
392	140	160
393	144	152
394	145	147
395	145	146
396	146	151
397	148	153
398	149	152
399	149	141
400	144	124
401	136	107
402	127	102
403	120	105
404	119	122
405	122	141
406	130	155
407	138	160
408	144	159
409	148	156
410	149	157
411	153	165
412	157	175
413	162	179
414	166	177
415	167	163
416	164	143
417	155	124
418	145	118
419	138	120
420	135	133
421	136	147
422	141	154
423	145	155
424	147	154
425	149	155
426	152	162
427	156	177
428	164	193
429	173	198
430	181	197
431	181	182
432	179	161
433	171	146
434	163	140
435	157	142
436	154	149
437	153	155
438	154	155
439	154	152
440	153	149
441	152	151
442	153	164
443	159	184
444	169	202
445	179	211
446	190	211
447	191	195
448	191	181
449	185	168
450	180	164
451	175	166
452	174	169
453	172	168
454	170	160
455	166	151
456	161	147
457	157	149
458	157	165
459	164	187
460	172	206
461	183	215
462	192	215
463	196	204
464	196	194
465	195	188
466	192	189
467	192	193
468	192	193
469	191	185
470	187	170
471	180	154
472	173	148
473	165	150
474	164	165
475	167	186
476	175	203
477	185	211
478	191	210
479	195	204
480	197	202
481	198	204
482	200	210
483	204	214
484	208	214
485	208	202
486	203	182
487	195	164
488	185	155
489	177	156
490	173	170
491	174	186
492	180	199
493	185	201
494	191	201
495	193	200
496	195	203
497	198	213
498	204	225
499	211	232
500	217	231
501	217	217
502	214	196
503	207	177
504	197	168
505	189	169
506	185	178
507	185	188
508	187	192
509	188	192
510	188	188
511	188	189
512	190	199
513	195	215
514	203	232
515	212	241
516	220	240
517	222	227
518	222	208
519	214	191
520	207	184
521	201	185
522	196	190
523	196	191
524	195	190
525	192	182
526	189	177
527	187	179
528	186	191
529	189	211
530	197	230
531	210	242
532	218	242
533	222	231
534	222	215
535	218	205
536	214	203
537	211	204
538	209	204
539	207	201
540	204	190
541	198	177
542	191	168
543	185	169
544	184	183
545	186	204
546	195	224
547	203	233
548	210	233
549	216	225
550	216	217
551	216	215
552	216	216
553	216	220
554	216	220
555	216	210
556	212	193
557	204	174
558	194	163
559	186	164
560	182	177
561	183	195
562	189	211
563	196	216
564	201	216
565	205	212
566	207	211
567	209	216
568	214	225
569	216	231
570	220	231
571	220	218
572	216	198
573	209	177
574	199	165
575	188	165
576	185	175
577	184	188
578	186	197
579	190	198
580	192	197
581	193	196
582	194	200
583	196	211
584	204	227
585	211	236
586	218	235
587	219	222
588	218	201
589	210	182
590	200	171
591	193	170
592	187	176
593	185	183
594	185	183
595	184	179
596	182	174
597	180	173
598	179	183
599	183	201
600	190	219
601	200	231
602	207	231
603	212	219
604	212	201
605	207	186
606	199	179
607	194	179
608	191	182
609	188	181
610	186	175
611	177	163
612	176	154
613	170	154
614	168	166
615	170	186
616	178	207
617	187	218
618	195	218
619	203	211
620	202	197
621	199	189
622	196	188
623	194	189
624	193	189
625	190	183
626	187	168
627	180	152
628	169	139
629	161	139
630	158	151
631	158	169
632	164	187
633	172	197
634	179	197
635	183	191
636	184	185
637	185	185
638	185	189
639	187	195
640	189	195
641	189	185
642	185	165
643	177	145
644	166	131
645	156	130
646	150	138
647	149	154
648	153	167
649	158	171
650	162	171
651	164	167
652	165	168
653	166	175
654	171	187
655	177	196
656	182	196
657	182	183
658	181	163
659	173	141
660	163	128
661	153	127
662	147	133
663	145	142
664	146	147
665	146	147
666	146	143
667	145	142
668	145	147
669	147	161
670	153	177
671	161	189
672	171	190
673	172	178
674	171	158
675	166	140
676	157	129
677	149	128
678	142	131
679	142	133
680	139	132
681	137	124
682	133	116
683	127	114
684	126	123
685	128	142
686	135	161
687	145	175
688	153	175
689	158	166
690	158	152
691	154	138
692	148	132
693	144	132
694	142	133
695	139	131
696	136	121
697	129	105
698	121	94
699	114	93
700	110	103
701	111	122
702	118	142
703	126	154
704	134	154
705	139	149
706	139	139
707	137	133
708	137	134
709	137	137
710	137	137
711	137	131
712	133	114
713	126	94
714	115	80
715	105	78
716	98	86
717	99	103
718	103	119
719	109	128
720	116	128
721	117	124
722	119	122
723	120	123
724	122	131
725	126	139
726	131	139
727	131	129
728	128	110
729	120	88
730	109	72
731	99	70
732	92	76
733	90	88
734	91	98
735	94	101
736	97	100
737	98	98
738	98	99
739	100	109
740	104	124
741	112	136
742	119	137
743	123	128
744	121	107
745	115	87
746	105	72
747	95	70
748	89	73
749	86	80
750	86	81
751	85	79
752	83	73
753	80	71
754	80	78
755	80	92
756	87	111
757	96	126
758	106	128
759	109	119
760	109	102
761	106	86
762	99	75
763	92	74
764	88	76
765	85	76
766	83	72
767	79	61
768	73	51
769	67	49
770	63	56
771	64	74
772	69	95
773	80	110
774	89	111
775	95	106
776	95	94
777	94	84
778	90	82
779	89	83
780	90	84
781	82	80
782	82	68
783	77	50
784	68	36
785	59	34
786	53	40
787	52	59
788	58	78
789	66	91
790	74	92
791	78	88
792	80	82
793	80	81
794	81	84
795	83	90
796	85	91
797	85	85
798	83	68
799	76	45
800	66	29
801	56	27
802	49	31
803	47	47
804	48	61
805	55	70
806	59	70
807	62	67
808	65	68
809	65	72
810	68	83
811	74	94
812	81	95
813	83	89
814	83	70
815	77	48
816	67	32
817	57	29
818	50	32
819	47	42
820	47	50
821	48	51
822	48	49
823	50	47
824	50	50
825	51	62
826	59	79
827	66	94
828	75	96
829	80	90
830	80	74
831	76	54
832	68	41
833	61	39
834	55	41
835	52	45
836	51	45
837	49	39
838	45	30
839	41	28
840	40	34
841	41	52
842	47	73
843	57	89
844	67	91
845	73	88
846	74	74
847	73	60
848	68	53
849	65	52
850	61	55
851	60	55
852	58	47
853	55	34
854	47	20
855	38	17
856	34	24
857	34	41
858	39	63
859	50	79
860	59	83
861	66	81
862	68	72
863	68	65
864	68	65
865	67	69
866	68	70
867	69	68
868	67	55
869	61	36
870	52	20
871	43	16
872	35	20
873	35	37
874	39	56
875	45	69
876	53	70
877	57	69
878	61	67
879	62	68
880	65	75
881	68	84
882	74	86
883	77	83
884	77	66
885	71	45
886	61	27
887	51	23
888	44	26
889	42	39
890	43	51
891	47	58
892	50	58
893	52	56
894	53	57
895	56	67
896	61	81
897	69	95
898	77	98
899	82	94
900	83	78
901	82	57
902	71	41
903	62	38
904	56	40
905	53	48
906	53	53
907	54	53
908	54	48
909	53	46
910	51	49
911	52	64
912	59	84
913	69	102
914	79	106
915	86	104
916	88	89
917	88	73
918	81	61
919	76	60
920	72	61
921	69	64
922	68	63
923	66	54
924	61	43
925	56	41
926	52	44
927	53	62
928	59	85
929	71	103
930	80	109
931	88	107
932	91	96
933	91	86
934	89	83
935	89	84
936	87	86
937	87	86
938	85	77
939	81	61
940	74	46
941	65	43
942	59	46
943	58	63
944	63	85
945	71	100
946	81	106
947	87	105
948	92	99
949	93	98
950	95	100
951	100	107
952	101	111
953	104	110
954	104	95
955	98	75
956	90	58
957	80	53
958	73	56
959	72	70
960	75	87
961	79	98
962	85	100
963	89	100
964	92	99
965	94	103
966	98	115
967	105	127
968	112	132
969	117	130
970	117	115
971	115	94
972	106	77
973	96	70
974	90	73
975	87	83
976	88	92
977	90	96
978	92	96
979	92	94
980	93	96
981	96	107
982	102	125
983	111	142
984	120	149
985	129	148
986	130	133
987	129	114
988	123	99
989	116	96
990	111	98
991	107	103
992	107	104
993	107	102
994	103	94
995	101	92
996	98	94
997	99	109
998	105	131
999	117	151
1000	127	159
1001	136	158
1002	140	146
1003	140	133
1004	136	124
1005	132	123
1006	130	125
1007	129	126
1008	127	122
1009	125	111
1010	120	98
1011	112	93
1012	107	96
1013	107	114
1014	112	136
1015	121	154
1016	134	161
1017	141	160
1018	144	152
1019	145	146
1020	145	146
1021	146	150
1022	148	153
1023	149	152
1024	149	142
1025	144	123
1026	136	108
1027	128	103
1028	124	107
1029	121	122
1030	123	141
1031	130	155
1032	138	160
1033	144	159
1034	148	156
1035	150	157
1036	152	164
1037	158	175
1038	164	179
1039	168	177
1040	168	163
1041	164	143
1042	155	124
1043	145	118
1044	137	120
1045	136	133
1046	137	147
1047	141	154
1048	145	154
1049	147	153
1050	148	154
1051	152	162
1052	156	177
1053	165	192
1054	172	198
1055	180	197
1056	181	182
1057	179	161
1058	171	145
1059	163	139
1060	157	141
1061	153	149
1062	154	155
1063	154	155
1064	154	151
1065	153	149
1066	152	151
1067	154	164
1068	159	184
1069	169	203
1070	179	211
1071	188	210
1072	190	196
1073	190	180
1074	185	167
1075	179	164
1076	176	166
1077	174	168
1078	173	168
1079	170	161
1080	167	151
1081	160	147
1082	158	150
1083	157	165
1084	163	187
1085	172	206
1086	183	215
1087	192	214
1088	196	204
1089	196	193
1090	195	188
1091	192	189
1092	193	192
1093	193	192
1094	191	185
1095	188	169
1096	180	154
1097	172	148
1098	166	151
1099	164	165
1100	167	185
1101	175	203
1102	184	211
1103	191	210
1104	195	205
1105	197	202
1106	198	203
1107	201	211
1108	203	214
1109	206	213
1110	206	201
1111	202	182
1112	194	164
1113	184	155
1114	176	157
1115	173	170
1116	174	186
1117	180	198
1118	183	201
1119	188	201
1120	193	200
1121	197	203
1122	198	213
1123	204	226
1124	210	232
1125	217	231
1126	217	217
1127	214	196
1128	208	177
1129	196	167
1130	189	168
1131	185	178
1132	185	188
1133	186	192
1134	188	192
1135	188	188
1136	188	189
1137	190	198
1138	194	215
1139	201	232
1140	212	241
1141	220	240
1142	222	227
1143	221	208
1144	215	192
1145	207	184
1146	201	185
1147	198	191
1148	196	192
1149	195	190
1150	193	182
1151	189	177
1152	185	178
1153	185	191
1154	190	211
1155	200	232
1156	209	241
1157	218	241
1158	222	231
1159	222	216
1160	219	205
1161	214	203
1162	211	205
1163	209	205
1164	204	201
1165	204	190
1166	199	177
1167	191	168
1168	185	169
1169	184	183
1170	186	204
1171	194	223
1172	203	233
1173	211	233
1174	216	225
1175	216	217
1176	216	215
1177	216	217
1178	216	220
1179	216	220
1180	216	210
1181	213	193
1182	204	175
1183	194	163
1184	186	164
1185	182	176
1186	183	195
1187	189	211
1188	196	217
1189	200	217
1190	205	213
1191	205	212
1192	209	216
1193	211	225
1194	216	231
1195	220	231
1196	220	218
1197	217	197
1198	209	177
1199	198	165
1200	189	165
1201	184	175
1202	185	188
1203	186	197
1204	191	197
1205	192	196
1206	194	195
1207	194	200
1208	197	212
1209	203	227
1210	211	236
1211	218	235
1212	219	222
1213	218	201
1214	211	182
1215	201	171
1216	193	170
1217	187	176
1218	186	183
1219	185	183
1220	184	179
1221	184	175
1222	180	174
1223	181	184
1224	184	201
1225	191	220
1226	201	231
1227	209	231
1228	212	219
1229	211	200
1230	207	186
1231	200	179
1232	195	180
1233	191	182
1234	189	182
1235	186	175
1236	181	163
1237	176	154
1238	170	154
1239	168	166
1240	169	185
1241	177	206
1242	187	218
1243	196	218
1244	201	209
1245	201	197
1246	199	189
1247	195	187
1248	193	189
1249	193	189
1250	191	183
1251	187	168
1252	180	152
1253	170	140
1254	162	139
1255	158	150
1256	159	169
1257	164	187
1258	172	197
1259	179	197
1260	184	191
1261	185	185
1262	185	185
1263	185	190
1264	188	195
1265	189	195
1266	189	184
1267	186	165
1268	175	145
1269	166	131
1270	156	130
1271	151	139
1272	150	153
1273	153	167
1274	157	170
1275	162	170
1276	164	167
1277	165	168
1278	166	176
1279	171	187
1280	176	196
1281	182	196
1282	183	183
1283	181	162
1284	173	141
1285	162	128
1286	153	127
1287	146	132
1288	145	142
1289	146	148
1290	146	148
1291	146	143
1292	145	142
1293	144	147
1294	148	161
1295	153	178
1296	162	189
1297	170	189
1298	173	178
1299	172	159
1300	166	140
1301	157	129
1302	149	128
1303	144	131
1304	142	133
1305	138	131
1306	137	124
1307	132	116
1308	128	115
1309	127	124
1310	128	142
1311	135	161
1312	145	175
1313	153	175
1314	157	166
1315	157	151
1316	155	139
1317	149	132
1318	144	132
1319	142	133
1320	139	131
1321	136	121
1322	130	106
1323	122	94
1324	113	93
1325	110	102
1326	111	121
1327	116	141
1328	126	153
1329	134	154
1330	139	148
1331	139	139
1332	139	133
1333	138	134
1334	135	137
1335	136	137
1336	136	130
1337	133	114
1338	125	94
1339	115	80
1340	105	78
1341	99	86
1342	98	103
1343	101	118
1344	108	129
1345	114	129
1346	118	124
1347	119	122
1348	120	123
1349	122	131
1350	126	139
1351	130	139
1352	131	129
1353	126	110
1354	120	88
1355	110	72
1356	99	70
1357	92	76
1358	90	88
1359	91	98
1360	94	101
1361	97	100
1362	96	97
1363	97	99
1364	100	109
1365	105	124
1366	112	136
1367	119	137
1368	122	127
1369	122	107
1370	116	87
1371	104	72
1372	95	70
1373	89	73
1374	87	80
1375	85	81
1376	84	79
1377	83	73
1378	80	71
1379	79	77
1380	80	92
1381	88	112
1382	96	126
1383	105	127
1384	110	119
1385	110	102
1386	106	86
1387	98	75
1388	92	74
1389	88	76
1390	83	76
1391	83	71
1392	76	61
1393	73	50
1394	66	49
1395	63	56
1396	64	74
1397	70	95
1398	80	110
1399	89	112
1400	95	106
1401	96	94
1402	96	85
1403	91	81
1404	88	83
1405	88	83
1406	86	80
1407	83	68
1408	76	50
1409	68	36
1410	59	34
1411	53	40
1412	53	59
1413	57	78
1414	65	91
1415	73	92
1416	78	88
1417	79	82
1418	80	81
1419	82	84
1420	84	90
1421	85	91
1422	86	85
1423	84	68
1424	76	46
1425	65	30
1426	56	27
1427	49	31
1428	48	47
1429	50	62
1430	54	70
1431	59	70
1432	62	67
1433	64	67
1434	65	72
1435	67	84
1436	74	95
1437	81	96
1438	84	89
1439	83	70
1440	76	48
1441	67	32
1442	57	29
1443	50	32
1444	47	42
1445	48	50
1446	49	51
1447	49	49
1448	49	47
1449	49	49
1450	51	62
1451	57	80
1452	66	95
1453	76	97
1454	81	91
1455	81	74
1456	77	55
1457	68	41
1458	61	39
1459	56	41
1460	53	46
1461	53	46
1462	51	40
1463	46	31
1464	42	29
1465	40	35
1466	41	52
1467	47	72
1468	57	88
1469	67	91
1470	74	88
1471	75	74
1472	73	61
1473	69	53
1474	64	52
1475	62	54
1476	60	54
1477	59	47
1478	54	33
1479	46	20
1480	38	18
1481	35	23
1482	35	42
1483	40	63
1484	48	79
1485	58	82
1486	65	80
1487	68	71
1488	68	65
1489	67	65
1490	67	69
1491	69	71
1492	69	68
1493	67	55
1494	62	36
1495	52	20
1496	43	16
1497	36	21
1498	35	37
1499	39	56
1500	47	68
1501	53	70
1502	58	69
1503	61	66
1504	62	67
1505	66	76
1506	69	85
1507	74	86
1508	77	83
1509	77	66
1510	71	44
1511	61	27
1512	51	23
1513	44	26
1514	42	39
1515	43	52
1516	47	58
1517	52	58
1518	52	57
1519	54	58
1520	56	66
1521	60	81
1522	69	95
1523	77	98
1524	83	95
1525	83	78
1526	79	58
1527	71	42
1528	62	38
1529	56	40
1530	53	49
1531	53	53
1532	53	53
1533	53	48
1534	51	46
1535	50	49
1536	52	64
1537	59	85
1538	69	101
1539	79	106
1540	87	104
1541	88	89
1542	87	73
1543	81	62
1544	77	60
1545	72	62
1546	70	63
1547	68	62
1548	66	54
1549	62	43
1550	58	40
1551	52	45
1552	53	62
1553	59	84
1554	72	103
1555	79	108
1556	88	107
1557	91	96
1558	91	86
1559	89	82
1560	87	83
1561	87	86
1562	86	85
1563	85	77
1564	81	61
1565	74	46
1566	65	43
1567	59	46
1568	59	63
1569	63	85
1570	71	100
1571	80	106
1572	88	105
1573	91	99
1574	94	98
1575	95	100
1576	98	107
1577	101	110
1578	103	109
1579	103	95
1580	99	77
1581	89	58
1582	79	53
1583	72	56
1584	71	70
1585	73	87
1586	79	98
1587	85	101
1588	89	100
1589	92	99
1590	95	103
1591	98	115
1592	105	128
1593	112	132
1594	118	130
1595	118	115
1596	115	94
1597	106	76
1598	96	71
1599	90	73
1600	87	84
1601	88	93
1602	90	96
1603	92	95
1604	93	94
1605	93	96
1606	96	107
1607	101	125
1608	111	142
1609	120	149
1610	129	148
1611	130	133
1612	129	114
1613	122	99
1614	115	95
1615	110	97
1616	107	103
1617	104	104
1618	104	101
1619	103	94
1620	101	92
1621	98	94
1622	99	109
1623	105	131
1624	114	150
1625	127	159
1626	136	158
1627	139	147
1628	139	133
1629	136	124
1630	132	123
1631	130	125
1632	129	126
1633	128	123
1634	126	111
1635	120	98
1636	113	94
1637	107	96
1638	107	114
1639	112	136
1640	122	155
1641	132	161
1642	141	160
1643	145	152
1644	145	146
1645	146	146
1646	146	150
1647	148	153
1648	149	153
1649	149	142
1650	144	124
1651	136	107
1652	127	102
1653	121	105
1654	120	121
1655	122	140
1656	130	155
1657	138	159
1658	143	158
1659	148	156
1660	150	157
1661	153	164
1662	157	175
1663	163	179
1664	167	177
1665	167	162
1666	163	143
1667	155	125
1668	145	118
1669	138	121
1670	136	133
1671	138	147
1672	142	155
1673	145	155
1674	148	154
1675	149	154
1676	152	163
1677	157	177
1678	165	193
1679	175	199
1680	180	197
1681	181	181
1682	179	162
1683	172	145
1684	163	139
1685	157	141
1686	154	149
1687	154	155
1688	154	155
1689	154	152
1690	153	149
1691	152	151
1692	153	164
1693	159	184
1694	168	203
1695	179	211
1696	187	209
1697	191	196
1698	191	180
1699	185	167
1700	179	164
1701	176	166
1702	173	168
1703	172	168
1704	169	161
1705	166	151
1706	161	147
1707	157	149
1708	157	165
1709	162	187
1710	172	206
1711	183	215
1712	191	214
1713	196	205
1714	196	193
1715	195	188
1716	193	189
1717	192	192
1718	192	192
1719	191	185
1720	187	170
1721	180	154
1722	172	149
1723	165	151
1724	164	165
1725	167	186
1726	175	203
1727	185	211
1728	191	210
1729	195	204
1730	196	202
1731	198	203
1732	200	210
1733	203	215
1734	206	214
1735	206	201
1736	202	182
1737	194	164
1738	185	155
1739	176	156
1740	173	169
1741	174	186
1742	178	198
1743	186	201
1744	190	201
1745	192	200
1746	195	203
1747	198	213
1748	203	225
1749	211	232
1750	216	231
1751	217	217
1752	214	196
1753	206	176
1754	197	168
1755	189	169
1756	185	178
1757	186	188
1758	187	193
1759	188	193
1760	189	189
1761	189	190
1762	190	199
1763	195	215
1764	203	232
1765	212	241
1766	220	240
1767	222	227
1768	221	208
1769	215	192
1770	207	184
1771	201	185
1772	195	190
1773	195	191
1774	195	190
1775	192	182
1776	191	177
1777	186	178
1778	185	191
1779	190	211
1780	200	231
1781	210	242
1782	218	241
1783	222	230
1784	222	216
1785	218	205
1786	213	202
1787	213	204
1788	209	205
1789	208	201
1790	205	190
1791	200	177
1792	191	168
1793	185	169
1794	183	183
1795	186	204
1796	194	223
1797	203	233
1798	212	233
1799	216	225
1800	216	217
1801	216	215
1802	215	217
1803	214	219
1804	216	219
1805	216	210
1806	212	193
1807	205	175
1808	194	163
1809	186	164
1810	182	176
1811	183	195
1812	189	210
1813	196	217
1814	202	217
1815	206	212
1816	207	211
1817	208	216
1818	211	225
1819	215	231
1820	220	231
1821	220	218
1822	217	197
1823	209	177
1824	198	165
1825	190	165
1826	185	175
1827	186	188
1828	186	197
1829	189	198
1830	192	197
1831	193	196
1832	194	200
1833	197	213
1834	206	226
1835	211	236
1836	218	235
1837	219	222
1838	219	201
1839	211	183
1840	201	171
1841	193	170
1842	188	177
1843	186	183
1844	185	183
1845	185	179
1846	183	174
1847	180	174
1848	180	183
1849	183	200
1850	191	219
1851	200	231
1852	209	231
1853	212	219
1854	212	201
1855	207	186
1856	200	179
1857	194	179
1858	191	181
1859	188	181
1860	186	175
1861	182	163
1862	175	154
1863	170	154
1864	168	166
1865	170	186
1866	178	206
1867	187	218
1868	197	218
1869	200	209
1870	200	197
1871	198	189
1872	195	188
1873	194	189
1874	192	190
1875	189	183
1876	186	169
1877	180	152
1878	170	140
1879	162	139
1880	158	151
1881	159	169
1882	164	187
1883	173	197
1884	180	197
1885	184	191
1886	184	186
1887	184	185
1888	185	189
1889	187	195
1890	189	195
1891	189	184
1892	185	165
1893	177	145
1894	167	130
1895	156	129
1896	150	139
1897	150	153
1898	153	167
1899	158	171
1900	162	170
1901	163	167
1902	164	168
1903	165	175
1904	170	187
1905	176	196
1906	182	196
1907	183	183
1908	181	163
1909	173	142
1910	162	128
1911	152	127
1912	146	132
1913	145	143
1914	145	148
1915	145	147
1916	145	143
1917	145	142
1918	145	147
1919	148	161
1920	154	178
1921	162	190
1922	170	190
1923	173	178
1924	172	159
1925	166	140
1926	158	130
1927	150	129
1928	145	132
1929	142	133
1930	140	132
1931	137	124
1932	132	116
1933	128	115
1934	127	123
1935	128	142
1936	135	161
1937	144	175
1938	153	175
1939	158	166
1940	158	151
1941	154	138
1942	148	132
1943	144	132
1944	142	133
1945	139	131
1946	135	121
1947	130	106
1948	122	94
1949	114	93
1950	110	102
1951	109	121
1952	118	142
1953	126	154
1954	134	154
1955	140	149
1956	140	139
1957	141	133
1958	137	134
1959	137	138
1960	137	138
1961	137	131
1962	133	115
1963	125	94
1964	115	80
1965	106	78
1966	99	86
1967	99	103
1968	102	120
1969	109	129
1970	115	129
1971	118	124
1972	120	121
1973	120	123
1974	122	131
1975	126	139
1976	130	139
1977	131	129
1978	129	110
1979	120	88
1980	110	72
1981	98	70
1982	92	75
1983	90	89
1984	91	99
1985	94	101
1986	97	100
1987	97	98
1988	97	99
1989	99	109
1990	104	124
1991	111	136
1992	119	137
1993	122	127
1994	121	107
1995	114	86
1996	105	72
1997	96	70
1998	89	73
1999	86	80
2000	84	81
2001	84	79
2002	80	72
2003	80	71
2004	79	77
2005	81	92
2006	88	112
2007	96	126
2008	104	127
2009	110	119
2010	110	102
2011	107	86
2012	99	75
2013	92	74
2014	88	76
2015	86	76
2016	82	72
2017	79	61
2018	72	51
2019	67	49
2020	63	56
2021	64	74
2022	70	95
2023	80	110
2024	89	112
2025	95	106
2026	95	93
2027	94	84
2028	91	81
2029	91	82
2030	87	83
2031	86	80
2032	82	67
2033	76	51
2034	68	36
2035	58	33
2036	53	40
2037	52	59
2038	57	78
2039	67	91
2040	74	92
2041	78	88
2042	80	82
2043	81	81
2044	81	84
2045	83	90
2046	86	91
2047	86	85
2048	84	68
2049	77	46
2050	66	30
2051	56	27
2052	46	31
2053	47	47
2054	50	62
2055	55	70
2056	59	70
2057	62	67
2058	64	67
2059	65	72
2060	69	84
2061	74	94
2062	81	96
2063	84	89
2064	83	70
2065	77	48
2066	68	32
2067	57	29
2068	50	32
2069	48	42
2070	47	50
2071	48	52
2072	50	49
2073	50	47
2074	49	50
2075	51	63
2076	57	80
2077	66	94
2078	75	96
2079	80	91
2080	80	73
2081	76	54
2082	69	41
2083	61	39
2084	55	41
2085	52	45
2086	51	45
2087	49	39
2088	47	31
2089	42	29
2090	39	34
2091	40	52
2092	47	73
2093	57	89
2094	67	92
2095	74	88
2096	74	74
2097	73	60
2098	68	53
2099	65	52
2100	62	54
2101	60	54
2102	58	47
2103	53	33
2104	46	21
2105	39	18
2106	34	23
2107	34	42
2108	40	64
2109	49	79
2110	58	83
2111	65	81
2112	68	71
2113	68	65
2114	67	65
2115	68	70
2116	68	71
2117	68	67
2118	67	55
2119	61	36
2120	52	20
2121	43	16
2122	36	21
2123	35	37
2124	38	55
2125	44	68
2126	52	70
2127	57	69
2128	61	66
2129	62	67
2130	65	75
2131	69	85
2132	74	87
2133	77	83
2134	77	66
2135	71	44
2136	62	27
2137	51	23
2138	44	26
2139	42	39
2140	43	52
2141	48	58
2142	51	58
2143	52	56
2144	53	57
2145	56	66
2146	61	81
2147	69	95
2148	78	98
2149	84	95
2150	84	78
2151	80	58
2152	72	42
2153	63	38
2154	56	41
2155	54	48
2156	54	53
2157	54	53
2158	53	48
2159	52	46
2160	51	50
2161	52	64
2162	57	84
2163	68	101
2164	79	106
2165	87	104
2166	88	89
2167	87	73
2168	81	61
2169	76	59
2170	73	62
2171	70	64
2172	69	63
2173	69	54
2174	61	43
2175	56	41
2176	52	45
2177	53	63
2178	57	85
2179	70	102
2180	79	109
2181	88	107
2182	91	96
2183	91	86
2184	89	82
2185	87	83
2186	86	86
2187	86	86
2188	85	76
2189	81	61
2190	74	46
2191	65	42
2192	59	46
2193	58	63
2194	64	84
2195	72	101
2196	81	106
2197	88	105
2198	92	99
2199	95	98
2200	95	100
2201	97	107
2202	101	111
2203	103	109
2204	103	95
2205	99	76
2206	90	58
2207	81	53
2208	73	56
2209	71	71
2210	73	87
2211	78	98
2212	85	100
2213	89	99
2214	92	98
2215	94	103
2216	98	115
2217	105	127
2218	112	133
2219	118	131
2220	118	115
2221	115	94
2222	106	76
2223	97	70
2224	89	72
2225	86	83
2226	87	92
2227	90	96
2228	93	96
2229	93	94
2230	94	96
2231	96	107
2232	101	125
2233	110	142
2234	120	149
2235	128	147
2236	130	133
2237	129	113
2238	122	99
2239	115	95
2240	109	96
2241	108	103
2242	107	104
2243	106	102
2244	104	94
2245	100	92
2246	98	94
2247	99	109
2248	105	131
2249	117	151
2250	127	159
2251	135	158
2252	139	147
2253	139	133
2254	136	124
2255	132	123
2256	130	125
2257	130	126
2258	129	123
2259	126	111
2260	120	98
2261	113	93
2262	107	96
2263	107	114
2264	113	136
2265	122	155
2266	132	161
2267	141	160
2268	145	152
2269	146	146
2270	146	146
2271	147	151
2272	148	153
2273	149	152
2274	149	142
2275	144	123
2276	136	107
2277	127	102
2278	120	105
2279	121	123
2280	122	141
2281	130	155
2282	138	159
2283	144	159
2284	147	156
2285	147	157
2286	153	165
2287	158	175
2288	163	179
2289	168	177
2290	168	163
2291	163	143
2292	155	124
2293	145	119
2294	138	121
2295	135	133
2296	136	147
2297	141	155
2298	145	155
2299	149	154
2300	149	154
2301	152	163
2302	156	177
2303	165	193
2304	173	199
2305	180	197
2306	181	182
2307	179	162
2308	172	145
2309	162	139
2310	156	141
2311	154	149
2312	153	155
2313	154	155
2314	154	151
2315	153	149
2316	152	152
2317	153	164
2318	159	184
2319	168	202
2320	179	210
2321	187	209
2322	190	196
2323	189	180
2324	184	167
2325	178	164
2326	175	166
2327	173	168
2328	172	168
2329	170	161
2330	166	151
2331	160	147
2332	157	149
2333	157	165
2334	162	187
2335	172	206
2336	180	215
2337	191	215
2338	196	205
2339	197	195
2340	198	189
2341	193	189
2342	192	192
2343	191	192
2344	191	185
2345	187	170
2346	180	155
2347	171	148
2348	165	150
2349	164	165
2350	168	187
2351	175	203
2352	184	211
2353	191	211
2354	195	205
2355	197	202
2356	198	203
2357	201	210
2358	203	214
2359	207	213
2360	207	201
2361	202	182
2362	194	163
2363	184	154
2364	176	156
2365	173	169
2366	174	186
2367	178	198
2368	185	201
2369	190	201
2370	193	201
2371	195	203
2372	198	212
2373	204	226
2374	211	232
2375	216	231
2376	217	217
2377	215	196
2378	207	177
2379	197	167
2380	190	168
2381	185	178
2382	185	188
2383	186	193
2384	189	193
2385	189	189
2386	189	190
2387	190	199
2388	195	215
2389	203	232
2390	212	241
2391	219	241
2392	222	227
2393	221	207
2394	215	192
2395	207	184
2396	202	185
2397	198	190
2398	196	191
2399	195	190
2400	193	182
2401	189	177
2402	186	178
2403	185	191
2404	190	212
2405	199	231
2406	209	241
2407	218	241
2408	222	231
2409	222	216
2410	217	204
2411	214	203
2412	211	204
2413	209	204
2414	208	201
2415	204	190
2416	199	176
2417	191	168
2418	184	170
2419	183	183
2420	186	204
2421	193	223
2422	204	233
2423	211	233
2424	215	225
2425	216	217
2426	216	215
2427	216	217
2428	217	220
2429	217	220
2430	217	210
2431	212	193
2432	205	174
2433	194	163
2434	184	164
2435	182	176
2436	183	195
2437	190	211
2438	196	217
2439	202	217
2440	205	213
2441	207	212
2442	208	216
2443	211	225
2444	216	231
2445	220	230
2446	220	218
2447	218	198
2448	209	177
2449	198	165
2450	189	165
2451	184	175
2452	184	187
2453	187	197
2454	190	198
2455	192	197
2456	193	196
2457	193	199
2458	197	212
2459	203	228
2460	211	236
2461	218	236
2462	219	222
2463	218	202
2464	210	182
2465	201	171
2466	191	170
2467	188	177
2468	186	183
2469	185	183
2470	184	179
2471	183	174
2472	181	174
2473	180	184
2474	184	201
2475	191	220
2476	200	231
2477	209	231
2478	212	219
2479	212	202
2480	207	186
2481	200	179
2482	194	179
2483	191	182
2484	188	182
2485	186	175
2486	181	163
2487	176	154
2488	169	155
2489	168	166
2490	170	186
2491	177	206
2492	187	218
2493	196	218
2494	201	209
2495	201	197
2496	198	188
2497	195	187
2498	193	189
2499	192	189
2500	191	183
2501	187	168
2502	180	152
2503	169	139
2504	161	139
2505	158	151
2506	159	169
2507	164	187
2508	172	198
2509	179	198
2510	188	192
2511	185	185
2512	185	185
2513	185	190
2514	187	195
2515	190	195
2516	190	184
2517	185	165
2518	177	145
2519	166	131
2520	156	130
2521	150	138
2522	148	153
2523	153	167
2524	157	171
2525	162	170
2526	164	167
2527	165	168
2528	167	175
2529	171	187
2530	176	196
2531	181	196
2532	182	183
2533	181	162
2534	173	142
2535	163	128
2536	153	126
2537	146	133
2538	144	142
2539	145	147
2540	146	147
2541	146	144
2542	145	142
2543	145	147
2544	147	160
2545	153	177
2546	162	190
2547	170	190
2548	173	178
2549	173	159
2550	166	140
2551	158	129
2552	149	128
2553	144	131
2554	142	133
2555	140	132
2556	137	124
2557	131	116
2558	128	115
2559	127	124
2560	128	143
2561	135	161
2562	144	175
2563	153	175
2564	157	166
2565	157	151
2566	155	138
2567	149	132
2568	145	132
2569	140	132
2570	140	131
2571	136	121
2572	130	106
2573	121	94
2574	114	93
2575	110	102
2576	111	121
2577	117	141
2578	126	153
2579	134	153
2580	140	148
2581	140	139
2582	139	133
2583	137	134
2584	137	138
2585	137	138
2586	137	130
2587	133	114
2588	125	94
2589	114	80
2590	105	78
2591	99	86
2592	98	103
2593	102	119
2594	109	129
2595	115	129
2596	118	125
2597	119	122
2598	121	124
2599	122	132
2600	125	139
2601	130	139
2602	131	130
2603	129	110
2604	120	88
2605	110	73
2606	99	70
2607	92	76
2608	89	88
2609	90	98
2610	95	100
2611	95	99
2612	97	98
2613	97	99
2614	100	109
2615	105	124
2616	110	135
2617	119	136
2618	122	127
2619	121	107
2620	114	86
2621	105	72
2622	95	70
2623	86	73
2624	83	80
2625	85	81
2626	85	79
2627	83	73
2628	80	72
2629	79	77
2630	80	92
2631	86	111
2632	96	126
2633	105	127
2634	110	120
2635	110	102
2636	106	86
2637	99	76
2638	92	75
2639	88	77
2640	85	77
2641	83	72
2642	79	61
2643	73	51
2644	66	49
2645	63	56
2646	63	74
2647	70	93
2648	80	110
2649	89	111
2650	94	106
2651	95	94
2652	92	84
2653	90	81
2654	89	82
2655	87	83
2656	86	80
2657	83	67
2658	77	51
2659	68	35
2660	58	33
2661	53	40
2662	52	58
2663	57	78
2664	65	90
2665	73	91
2666	79	89
2667	80	82
2668	81	81
2669	82	85
2670	83	89
2671	85	90
2672	85	85
2673	84	68
2674	76	46
2675	66	30
2676	56	27
2677	49	32
2678	48	47
2679	51	62
2680	56	70
2681	60	70
2682	62	67
2683	64	67
2684	66	72
2685	70	84
2686	75	94
2687	81	96
2688	84	89
2689	83	70
2690	79	49
2691	67	32
2692	56	29
2693	49	32
2694	47	42
2695	47	50
2696	49	51
2697	49	48
2698	49	47
2699	49	50
2700	51	63
2701	57	79
2702	66	94
2703	74	96
2704	81	91
2705	81	74
2706	76	54
2707	70	41
2708	61	39
2709	55	41
2710	52	45
2711	51	45
2712	49	39
2713	45	31
2714	41	29
2715	40	35
2716	42	52
2717	47	73
2718	57	89
2719	67	91
2720	74	88
2721	75	74
2722	74	60
2723	69	53
2724	64	52
2725	62	54
2726	60	54
2727	58	47
2728	54	33
2729	46	20
2730	39	18
2731	34	24
2732	35	42
2733	40	63
2734	48	79
2735	58	82
2736	65	81
2737	68	72
2738	68	65
2739	67	65
2740	67	69
2741	68	70
2742	68	68
2743	67	55
2744	60	35
2745	52	19
2746	43	15
2747	36	21
2748	35	37
2749	38	55
2750	46	69
2751	53	70
2752	57	69
2753	61	66
2754	62	67
2755	65	76
2756	69	85
2757	74	87
2758	77	83
2759	77	66
2760	71	45
2761	62	27
2762	51	23
2763	43	25
2764	42	39
2765	43	52
2766	47	58
2767	51	58
2768	53	56
2769	54	57
2770	56	66
2771	61	81
2772	69	95
2773	77	98
2774	83	95
2775	83	78
2776	80	58
2777	71	42
2778	62	38
2779	56	40
2780	53	49
2781	54	54
2782	53	53
2783	53	48
2784	51	46
2785	50	50
2786	52	64
2787	58	84
2788	68	101
2789	78	106
2790	87	104
2791	88	90
2792	87	73
2793	77	62
2794	76	60
2795	71	62
2796	70	64
2797	69	63
2798	66	54
2799	62	44
2800	56	41
2801	53	45
2802	55	62
2803	59	85
2804	69	103
2805	80	109
2806	88	107
2807	91	96
2808	91	87
2809	89	83
2810	87	84
2811	87	86
2812	87	86
2813	86	77
2814	82	61
2815	74	46
2816	65	42
2817	59	46
2818	58	63
2819	63	84
2820	72	100
2821	81	105
2822	88	104
2823	91	99
2824	93	97
2825	94	100
2826	97	107
2827	101	110
2828	103	109
2829	103	95
2830	99	76
2831	89	58
2832	80	53
2833	73	56
2834	71	71
2835	72	87
2836	79	98
2837	85	100
2838	89	100
2839	91	99
2840	94	103
2841	99	115
2842	105	128
2843	112	132
2844	118	130
2845	119	115
2846	115	94
2847	106	77
2848	97	71
2849	90	73
2850	87	84
2851	88	93
2852	90	96
2853	91	95
2854	92	94
2855	92	96
2856	95	107
2857	101	125
2858	111	142
2859	120	149
2860	128	147
2861	130	134
2862	130	115
2863	122	99
2864	115	95
2865	110	97
2866	107	103
2867	107	104
2868	106	101
2869	104	94
2870	101	91
2871	99	94
2872	100	109
2873	105	131
2874	115	151
2875	126	159
2876	136	158
2877	140	147
2878	140	133
2879	136	124
2880	133	123
2881	130	125
2882	130	126
2883	128	122
2884	125	111
2885	120	98
2886	113	93
2887	108	96
2888	107	114
2889	113	136
2890	122	155
2891	133	161
2892	141	160
2893	144	152
2894	145	146
2895	146	146
2896	146	150
2897	148	153
2898	149	152
2899	148	141
2900	144	124
2901	136	107
2902	127	102
2903	121	105
2904	120	122
2905	123	142
2906	129	154
2907	138	160
2908	144	159
2909	147	156
2910	150	157
2911	155	166
2912	157	175
2913	163	179
2914	167	178
2915	167	162
2916	164	144
2917	155	124
2918	145	118
2919	138	120
2920	136	133
2921	137	147
2922	141	154
2923	145	155
2924	148	154
2925	149	155
2926	152	163
2927	157	177
2928	165	193
2929	174	199
2930	180	197
2931	180	182
2932	179	162
2933	172	145
2934	163	139
2935	157	141
2936	154	149
2937	154	155
2938	154	155
2939	154	151
2940	153	149
2941	152	152
2942	153	164
2943	160	185
2944	168	202
2945	179	211
2946	188	210
2947	190	196
2948	190	179
2949	185	167
2950	179	164
2951	176	166
2952	173	169
2953	172	169
2954	170	160
2955	166	151
2956	161	147
2957	156	149
2958	157	165
2959	162	186
2960	172	206
2961	182	215
2962	191	214
2963	198	204
2964	196	194
2965	195	188
2966	193	189
2967	192	192
2968	192	192
2969	192	185
2970	188	170
2971	181	155
2972	172	149
2973	165	151
2974	164	166
2975	167	186
2976	175	203
2977	185	211
2978	192	211
2979	196	205
2980	198	202
2981	198	203
2982	201	210
2983	204	214
2984	207	213
2985	207	201
2986	203	183
2987	194	163
2988	184	155
2989	176	157
2990	174	169
2991	175	186
2992	180	199
2993	185	201
2994	190	201
2995	192	200
2996	195	203
2997	198	213
2998	204	225
2999	210	232
3000	216	231
3001	217	217
3002	214	196
3003	206	177
3004	197	168
3005	189	169
3006	184	178
3007	185	188
3008	186	192
3009	189	192
3010	189	189
3011	189	190
3012	190	199
3013	194	216
3014	203	232
3015	212	242
3016	220	241
3017	223	227
3018	223	207
3019	216	192
3020	207	184
3021	201	185
3022	197	191
3023	197	192
3024	195	190
3025	193	182
3026	190	177
3027	186	178
3028	186	191
3029	190	211
3030	199	231
3031	209	241
3032	218	241
3033	222	230
3034	222	216
3035	218	205
3036	214	202
3037	210	203
3038	209	204
3039	208	201
3040	205	190
3041	199	177
3042	191	168
3043	185	169
3044	184	183
3045	186	204
3046	194	223
3047	203	233
3048	211	233
3049	217	225
3050	216	217
3051	216	215
3052	216	217
3053	216	220
3054	217	220
3055	217	211
3056	212	193
3057	205	175
3058	195	163
3059	186	164
3060	182	177
3061	183	195
3062	189	211
3063	198	218
3064	203	217
3065	205	212
3066	207	211
3067	208	216
3068	212	225
3069	216	231
3070	220	230
3071	220	217
3072	217	197
3073	209	177
3074	199	164
3075	189	165
3076	184	174
3077	183	187
3078	186	197
3079	190	198
3080	192	197
3081	192	195
3082	193	199
3083	197	212
3084	203	227
3085	211	236
3086	218	236
3087	219	222
3088	218	202
3089	210	183
3090	201	171
3091	193	170
3092	188	177
3093	187	183
3094	186	183
3095	185	180
3096	183	174
3097	181	174
3098	180	184
3099	184	201
3100	192	220
3101	200	231
3102	209	231
3103	212	219
3104	212	201
3105	208	187
3106	200	179
3107	195	179
3108	191	182
3109	189	182
3110	186	174
3111	181	163
3112	176	154
3113	169	154
3114	168	166
3115	170	186
3116	177	206
3117	187	218
3118	195	218
3119	200	209
3120	200	197
3121	198	188
3122	195	187
3123	193	189
3124	192	189
3125	190	183
3126	186	168
3127	180	151
3128	170	140
3129	161	139
3130	159	151
3131	159	169
3132	165	188
3133	174	197
3134	180	197
3135	184	191
3136	185	186
3137	185	185
3138	185	190
3139	188	195
3140	189	195
3141	189	185
3142	186	165
3143	177	145
3144	166	131
3145	156	130
3146	150	138
3147	150	153
3148	153	167
3149	158	172
3150	162	171
3151	164	167
3152	165	168
3153	167	176
3154	171	187
3155	176	195
3156	182	195
3157	183	183
3158	181	163
3159	173	141
3160	162	127
3161	152	126
3162	146	132
3163	144	142
3164	145	147
3165	146	147
3166	146	143
3167	145	142
3168	145	147
3169	147	160
3170	154	178
3171	162	190
3172	170	190
3173	173	178
3174	172	159
3175	166	141
3176	154	130
3177	150	128
3178	144	132
3179	142	133
3180	140	132
3181	137	125
3182	133	116
3183	128	115
3184	127	124
3185	128	142
3186	135	162
3187	143	174
3188	153	175
3189	158	167
3190	158	151
3191	154	138
3192	149	132
3193	144	132
3194	142	133
3195	139	131
3196	136	120
3197	130	106
3198	122	94
3199	117	93
3200	110	102
3201	111	121
3202	117	141
3203	126	153
3204	134	154
3205	139	149
3206	139	138
3207	139	133
3208	137	134
3209	138	138
3210	138	138
3211	137	131
3212	133	114
3213	125	94
3214	115	80
3215	104	78
3216	99	86
3217	98	103
3218	103	119
3219	109	129
3220	115	129
3221	118	124
3222	119	122
3223	120	123
3224	123	132
3225	126	139
3226	130	139
3227	130	130
3228	127	112
3229	120	88
3230	109	72
3231	99	70
3232	91	76
3233	90	88
3234	91	97
3235	94	101
3236	97	100
3237	97	98
3238	97	99
3239	99	109
3240	104	124
3241	112	135
3242	119	136
3243	122	126
3244	121	107
3245	114	86
3246	105	72
3247	95	70
3248	89	73
3249	86	80
3250	85	81
3251	84	79
3252	83	73
3253	81	71
3254	79	77
3255	80	92
3256	86	112
3257	96	126
3258	105	127
3259	111	120
3260	111	102
3261	108	86
3262	99	75
3263	92	74
3264	88	77
3265	86	77
3266	83	72
3267	78	61
3268	73	51
3269	67	49
3270	63	56
3271	62	73
3272	71	95
3273	80	110
3274	89	112
3275	95	106
3276	95	94
3277	94	84
3278	91	81
3279	88	82
3280	87	83
3281	86	79
3282	82	67
3283	77	50
3284	67	36
3285	58	34
3286	53	40
3287	52	59
3288	57	78
3289	66	90
3290	73	91
3291	78	88
3292	80	82
3293	81	81
3294	81	84
3295	83	90
3296	86	91
3297	86	85
3298	83	68
3299	77	47
3300	66	30
3301	56	27
3302	49	32
3303	47	47
3304	49	62
3305	55	70
3306	60	70
3307	62	67
3308	65	66
3309	65	73
3310	69	84
3311	75	94
3312	81	95
3313	84	89
3314	83	70
3315	77	48
3316	67	32
3317	57	29
3318	50	32
3319	47	42
3320	48	50
3321	49	51
3322	49	49
3323	49	47
3324	49	50
3325	51	62
3326	56	80
3327	66	94
3328	75	96
3329	81	91
3330	81	74
3331	76	55
3332	68	41
3333	60	39
3334	56	41
3335	52	45
3336	51	45
3337	49	39
3338	46	31
3339	41	29
3340	39	35
3341	40	51
3342	46	73
3343	58	89
3344	67	91
3345	73	88
3346	75	75
3347	73	61
3348	68	53
3349	65	53
3350	62	54
3351	60	54
3352	59	47
3353	53	33
3354	47	21
3355	39	18
3356	34	23
3357	34	42
3358	40	63
3359	49	79
3360	59	82
3361	64	80
3362	68	71
3363	68	65
3364	67	65
3365	68	69
3366	68	70
3367	68	68
3368	67	54
3369	61	35
3370	52	19
3371	42	16
3372	35	20
3373	34	37
3374	38	55
3375	45	69
3376	53	70
3377	58	69
3378	60	66
3379	63	67
3380	64	75
3381	69	85
3382	74	87
3383	78	83
3384	78	66
3385	70	44
3386	62	27
3387	51	23
3388	45	26
3389	42	38
3390	43	51
3391	47	58
3392	51	58
3393	52	56
3394	54	57
3395	56	66
3396	61	81
3397	69	96
3398	77	99
3399	83	95
3400	83	78
3401	80	58
3402	71	42
3403	63	38
3404	57	40
3405	53	48
3406	54	53
3407	54	53
3408	53	48
3409	51	46
3410	50	50
3411	52	64
3412	59	84
3413	68	101
3414	79	106
3415	87	104
3416	88	89
3417	87	73
3418	82	61
3419	75	60
3420	72	62
3421	70	64
3422	68	63
3423	66	54
3424	61	43
3425	56	40
3426	53	46
3427	53	63
3428	59	85
3429	69	103
3430	80	109
3431	88	107
3432	91	96
3433	91	86
3434	89	83
3435	87	84
3436	87	86
3437	87	86
3438	86	77
3439	81	61
3440	74	47
3441	66	43
3442	60	46
3443	59	63
3444	65	86
3445	72	101
3446	81	106
3447	87	105
3448	92	99
3449	94	98
3450	94	99
3451	96	107
3452	99	110
3453	103	109
3454	103	95
3455	98	76
3456	89	58
3457	80	53
3458	73	56
3459	72	71
3460	73	87
3461	77	97
3462	83	100
3463	89	100
3464	92	99
3465	95	103
3466	98	115
3467	105	128
3468	112	132
3469	118	130
3470	118	115
3471	115	94
3472	105	76
3473	97	71
3474	90	73
3475	87	84
3476	87	93
3477	90	96
3478	92	96
3479	93	94
3480	94	96
3481	95	107
3482	101	125
3483	110	142
3484	120	149
3485	128	147
3486	130	133
3487	129	114
3488	122	99
3489	115	95
3490	110	97
3491	107	102
3492	107	103
3493	106	101
3494	103	94
3495	101	92
3496	98	94
3497	98	108
3498	105	131
3499	115	151
3500	127	159
3501	136	158
3502	139	147
3503	139	133
3504	136	124
3505	132	123
3506	130	126
3507	130	127
3508	129	123
3509	125	111
3510	120	98
3511	113	93
3512	108	96
3513	107	114
3514	113	138
3515	122	155
3516	137	162
3517	141	161
3518	145	153
3519	146	147
3520	146	146
3521	147	151
3522	148	153
3523	149	152
3524	149	141
3525	143	123
3526	136	107
3527	128	102
3528	121	105
3529	119	121
3530	122	141
3531	129	155
3532	137	159
3533	144	159
3534	147	156
3535	149	157
3536	150	163
3537	157	175
3538	162	179
3539	167	177
3540	167	163
3541	163	142
3542	155	124
3543	145	119
3544	137	121
3545	136	133
3546	137	147
3547	141	154
3548	145	155
3549	147	154
3550	149	155
3551	152	163
3552	157	178
3553	164	193
3554	173	199
3555	180	197
3556	181	182
3557	179	162
3558	172	145
3559	163	139
3560	157	141
3561	155	150
3562	154	155
3563	154	155
3564	154	152
3565	153	150
3566	152	152
3567	154	164
3568	159	184
3569	169	202
3570	179	211
3571	187	209
3572	190	196
3573	190	179
3574	185	167
3575	179	164
3576	175	166
3577	173	168
3578	172	168
3579	170	160
3580	165	150
3581	161	147
3582	157	149
3583	157	165
3584	163	187
3585	172	206
3586	181	215
3587	191	215
3588	196	204
3589	196	194
3590	195	188
3591	193	189
3592	192	193
3593	192	193
3594	192	185
3595	187	170
3596	181	154
3597	172	149
3598	167	151
3599	165	166
3600	167	186
3601	176	203
3602	184	210
3603	191	210
3604	196	205
3605	197	202
3606	198	203
3607	200	210
3608	203	214
3609	206	213
3610	206	201
3611	202	182
3612	194	164
3613	184	154
3614	176	156
3615	174	169
3616	175	186
3617	180	198
3618	185	202
3619	190	202
3620	193	200
3621	194	203
3622	198	213
3623	204	225
3624	210	232
3625	216	231
3626	218	217
3627	217	197
3628	207	177
3629	200	168
3630	189	169
3631	185	178
3632	185	189
3633	187	193
3634	188	192
3635	188	188
3636	189	189
3637	190	199
3638	194	215
3639	203	233
3640	212	242
3641	221	241
3642	223	227
3643	222	208
3644	215	192
3645	208	184
3646	201	185
3647	197	190
3648	196	191
3649	195	190
3650	192	182
3651	189	177
3652	185	178
3653	185	191
3654	189	211
3655	199	231
3656	209	241
3657	217	240
3658	221	230
3659	221	215
3660	218	205
3661	214	202
3662	211	203
3663	209	204
3664	208	201
3665	204	190
3666	198	177
3667	190	168
3668	184	169
3669	183	183
3670	186	204
3671	194	224
3672	204	233
3673	213	233
3674	216	226
3675	217	217
3676	217	215
3677	216	217
3678	217	220
3679	217	220
3680	217	210
3681	213	193
3682	204	174
3683	195	163
3684	186	164
3685	182	177
3686	183	195
3687	189	211
3688	196	217
3689	202	217
3690	205	213
3691	207	212
3692	208	217
3693	211	225
3694	216	231
3695	220	231
3696	220	217
3697	217	197
3698	209	177
3699	198	165
3700	189	165
3701	184	174
3702	184	188
3703	186	197
3704	189	198
3705	192	197
3706	192	196
3707	194	199
3708	197	212
3709	202	226
3710	211	236
3711	218	236
3712	219	222
3713	218	201
3714	210	182
3715	201	171
3716	193	170
3717	187	177
3718	186	183
3719	186	184
3720	184	180
3721	182	174
3722	180	173
3723	179	183
3724	183	201
3725	191	220
3726	202	231
3727	209	231
3728	213	220
3729	212	202
3730	207	187
3731	200	179
3732	194	179
3733	191	182
3734	189	182
3735	186	175
3736	181	163
3737	175	154
3738	170	154
3739	168	166
3740	170	186
3741	177	206
3742	187	218
3743	196	218
3744	201	209
3745	201	197
3746	199	189
3747	196	188
3748	193	189
3749	192	189
3750	191	183
3751	187	168
3752	179	152
3753	170	140
3754	162	139
3755	157	151
3756	158	169
3757	164	187
3758	172	197
3759	179	197
3760	183	191
3761	184	186
3762	185	185
3763	185	190
3764	188	195
3765	190	195
3766	190	185
3767	185	165
3768	177	145
3769	166	131
3770	156	130
3771	151	139
3772	150	153
3773	154	167
3774	158	171
3775	162	171
3776	164	167
3777	165	168
3778	167	175
3779	171	187
3780	177	195
3781	182	195
3782	183	183
3783	181	162
3784	172	141
3785	161	127
3786	152	126
3787	146	132
3788	145	142
3789	145	147
3790	146	147
3791	146	143
3792	144	142
3793	145	147
3794	147	161
3795	153	177
3796	162	190
3797	170	190
3798	174	178
3799	174	159
3800	166	141
3801	158	130
3802	149	128
3803	145	132
3804	139	132
3805	139	132
3806	137	125
3807	132	116
3808	128	115
3809	127	124
3810	129	142
3811	135	162
3812	145	175
3813	153	175
3814	158	167
3815	158	152
3816	154	138
3817	148	132
3818	145	132
3819	141	133
3820	140	131
3821	136	121
3822	130	106
3823	121	93
3824	115	92
3825	111	102
3826	111	121
3827	117	141
3828	128	154
3829	134	154
3830	139	148
3831	139	138
3832	139	133
3833	137	134
3834	137	137
3835	137	137
3836	137	130
3837	132	114
3838	126	94
3839	115	80
3840	105	78
3841	99	86
3842	98	102
3843	102	119
3844	109	129
3845	115	129
3846	118	124
3847	119	122
3848	120	123
3849	122	132
3850	126	139
3851	130	139
3852	130	130
3853	129	110
3854	121	88
3855	109	73
3856	99	71
3857	93	76
3858	90	89
3859	91	98
3860	94	100
3861	94	99
3862	96	97
3863	98	99
3864	100	109
3865	105	124
3866	112	136
3867	119	136
3868	121	127
3869	121	107
3870	114	86
3871	102	71
3872	95	69
3873	89	73
3874	86	80
3875	86	81
3876	84	79
3877	82	73
3878	80	72
3879	78	77
3880	79	92
3881	87	111
3882	94	126
3883	105	127
3884	109	120
3885	109	102
3886	106	86
3887	99	76
3888	92	75
3889	89	78
3890	86	78
3891	83	72
3892	79	61
3893	73	51
3894	66	49
3895	63	56
3896	64	75
3897	71	95
3898	79	109
3899	87	111
3900	95	106
3901	95	94
3902	95	84
3903	91	81
3904	88	82
3905	87	83
3906	87	80
3907	83	67
3908	77	50
3909	68	36
3910	59	33
3911	52	40
3912	52	58
3913	56	78
3914	65	90
3915	73	91
3916	75	88
3917	80	82
3918	80	81
3919	81	84
3920	83	90
3921	86	91
3922	86	85
3923	83	68
3924	77	47
3925	65	29
3926	56	27
3927	48	32
3928	47	47
3929	50	62
3930	55	70
3931	59	70
3932	63	67
3933	63	67
3934	63	73
3935	68	84
3936	75	94
3937	81	96
3938	84	89
3939	83	70
3940	77	48
3941	67	32
3942	58	29
3943	49	32
3944	47	42
3945	47	50
3946	48	51
3947	48	48
3948	49	47
3949	49	50
3950	51	62
3951	56	80
3952	67	94
3953	74	96
3954	81	91
3955	81	73
3956	76	54
3957	67	42
3958	61	39
3959	55	41
3960	52	45
3961	51	45
3962	49	39
3963	45	31
3964	41	29
3965	40	35
3966	41	51
3967	47	73
3968	57	89
3969	64	91
3970	74	89
3971	75	75
3972	73	61
3973	69	53
3974	65	53
3975	61	54
3976	61	54
3977	58	47
3978	53	33
3979	47	21
3980	39	18
3981	35	24
3982	35	41
3983	40	63
3984	49	79
3985	58	82
3986	65	80
3987	68	71
3988	68	65
3989	68	65
3990	67	69
3991	68	70
3992	68	68
3993	67	54
3994	61	35
3995	51	19
3996	42	16
3997	36	21
3998	35	37
3999	38	55
4000	45	68
4001	53	70
4002	57	69
4003	59	66
4004	62	67
4005	64	75
4006	69	85
4007	75	87
4008	77	83
4009	77	66
4010	71	44
4011	61	27
4012	53	23
4013	44	26
4014	43	39
4015	44	52
4016	47	58
4017	50	58
4018	53	57
4019	54	58
4020	56	67
4021	61	81
4022	69	95
4023	77	98
4024	84	95
4025	84	79
4026	80	58
4027	71	42
4028	62	38
4029	55	40
4030	53	48
4031	53	53
4032	53	53
4033	53	48
4034	51	46
4035	50	49
4036	52	64
4037	57	84
4038	68	101
4039	79	106
4040	86	104
4041	88	89
4042	87	73
4043	81	61
4044	75	60
4045	72	62
4046	70	63
4047	68	62
4048	66	54
4049	61	43
4050	56	41
4051	52	45
4052	53	62
4053	58	85
4054	69	103
4055	80	109
4056	88	107
4057	91	96
4058	91	87
4059	89	83
4060	88	84
4061	86	86
4062	86	86
4063	85	76
4064	81	61
4065	73	46
4066	65	42
4067	59	46
4068	59	63
4069	63	85
4070	71	102
4071	80	105
4072	88	105
4073	92	99
4074	93	98
4075	95	100
4076	97	106
4077	101	110
4078	104	109
4079	104	95
4080	98	76
4081	89	58
4082	80	53
4083	73	56
4084	71	70
4085	73	87
4086	79	98
4087	84	100
4088	90	100
4089	92	99
4090	92	98
4091	94	103
4092	98	115
4093	105	128
4094	112	135
4095	118	131
